time_end: 1731301162.206788
time_sampled: 1731301161.237592
