time_end: 1731298141.041731
time_sampled: 1731298138.227741
