info_dict:
  test_score: -0.3333333333333333
  train_time: 1.7437477111816406
loss: 0.3333333333333333
