time_end: 1731298647.684737
time_sampled: 1731298645.1491158
