time_end: 1731301441.598254
time_sampled: 1731301432.2662148
