time_end: 1731311889.73997
time_sampled: 1731311813.2227561
