info_dict:
  test_score: 0.7080166847608708
  train_time: 76.260577917099
loss: -0.7080166847608708
