time_end: 1731313084.054317
time_sampled: 1731313072.520273
