info_dict:
  test_score: 0.5604251185646535
  train_time: 11.22870397567749
loss: -0.5604251185646535
