time_end: 1731299402.2760599
time_sampled: 1731299400.225259
