time_end: 1731301199.516486
time_sampled: 1731301199.134701
