time_end: 1731301122.66691
time_sampled: 1731301120.910944
