time_end: 1731292131.412373
time_sampled: 1731292127.7415512
