info_dict:
  test_score: 0.7981220657276995
  train_time: 3.669090986251831
loss: -0.7981220657276995
