time_end: 1731297840.917315
time_sampled: 1731297838.764857
