info_dict:
  test_score: -0.09999999999999998
  train_time: 1.5333638191223145
loss: 0.09999999999999998
