time_end: 1731299295.8820102
time_sampled: 1731299294.245895
