info_dict:
  test_score: 0.08921729611384788
  train_time: 1.4688291549682617
loss: -0.08921729611384788
