time_end: 1731292749.163015
time_sampled: 1731292746.50676
