info_dict:
  test_score: 0.993912562257886
  train_time: 2.65415620803833
loss: -0.993912562257886
