time_end: 1731292257.021893
time_sampled: 1731292254.195393
