time_end: 1731292437.738386
time_sampled: 1731292436.433714
