time_end: 1731292243.929865
time_sampled: 1731292240.7578292
