info_dict:
  test_score: 0.037267080745341616
  train_time: 3.1700191497802734
loss: -0.037267080745341616
