time_end: 1731291973.011041
time_sampled: 1731291971.926035
