info_dict:
  test_score: 0.7476979742173112
  train_time: 1.0830860137939453
loss: -0.7476979742173112
