time_end: 1731557314.540937
time_sampled: 1731557302.2860851
