info_dict:
  test_score: 0.687960687960688
  train_time: 12.030939102172852
loss: -0.687960687960688
