time_end: 1731301594.960822
time_sampled: 1731301592.716692
