info_dict:
  test_score: 0.04347826086956519
  train_time: 1.3492939472198486
loss: -0.04347826086956519
