time_end: 1731301672.3629818
time_sampled: 1731301669.874453
