info_dict:
  test_score: -0.0714285714285714
  train_time: 1.5423829555511475
loss: 0.0714285714285714
