time_end: 1731297554.4406998
time_sampled: 1731297552.865258
