time_end: 1731301692.645268
time_sampled: 1731301686.259061
