time_end: 1731299437.434577
time_sampled: 1731299435.95216
