info_dict:
  test_score: -0.018609742747673685
  train_time: 1.1525931358337402
loss: 0.018609742747673685
