time_end: 1731299442.9953542
time_sampled: 1731299440.566302
