time_end: 1731292050.299697
time_sampled: 1731292048.0774431
