info_dict:
  test_score: 0.6086956521739131
  train_time: 2.2202417850494385
loss: -0.6086956521739131
