time_end: 1731299619.410254
time_sampled: 1731299617.2787762
