info_dict:
  test_score: -0.05856595511767926
  train_time: 1.6167092323303223
loss: 0.05856595511767926
