time_end: 1731301213.3864808
time_sampled: 1731301209.6408901
