time_end: 1731300769.589643
time_sampled: 1731300767.214893
