time_end: 1731299430.688755
time_sampled: 1731299422.154797
