time_end: 1731300515.411277
time_sampled: 1731300513.435858
