time_end: 1731556566.067358
time_sampled: 1731556554.2263858
