info_dict:
  test_score: 0.7172732986686475
  train_time: 11.673389196395874
loss: -0.7172732986686475
