time_end: 1731297917.691697
time_sampled: 1731297916.087671
