time_end: 1731292136.533525
time_sampled: 1731292131.541673
