info_dict:
  test_score: 0.7981220657276995
  train_time: 4.989668846130371
loss: -0.7981220657276995
