time_end: 1731299736.658009
time_sampled: 1731299726.3368042
