time_end: 1731292823.97579
time_sampled: 1731292822.136277
