time_end: 1731298844.918751
time_sampled: 1731298836.391995
