time_end: 1731299346.54418
time_sampled: 1731299344.977481
