info_dict:
  test_score: -0.090311986863711
  train_time: 1.360940933227539
loss: 0.090311986863711
