time_end: 1731301199.01879
time_sampled: 1731301198.6219678
