time_end: 1731556279.370923
time_sampled: 1731556266.302964
