time_end: 1731292251.0335722
time_sampled: 1731292248.104297
