info_dict:
  test_score: 0.7947368421052632
  train_time: 2.9271717071533203
loss: -0.7947368421052632
