time_end: 1731292101.7014148
time_sampled: 1731292100.646133
