time_end: 1731292576.071925
time_sampled: 1731292567.03539
