info_dict:
  test_score: 0.7057256990679095
  train_time: 9.034414052963257
loss: -0.7057256990679095
