time_end: 1731300815.681561
time_sampled: 1731300812.75137
