time_end: 1731301187.7058718
time_sampled: 1731301186.797591
