time_end: 1731557355.586285
time_sampled: 1731557341.637713
