info_dict:
  test_score: 0.5403119821724472
  train_time: 13.637622833251953
loss: -0.5403119821724472
