time_end: 1731298874.1787882
time_sampled: 1731298866.1078882
