time_end: 1731301697.4470341
time_sampled: 1731301695.746349
