time_end: 1731297816.4286232
time_sampled: 1731297815.062879
