time_end: 1731297518.969405
time_sampled: 1731297517.380925
