time_end: 1731300369.318592
time_sampled: 1731300366.722744
