time_end: 1731292785.580917
time_sampled: 1731292783.722684
