time_end: 1731299433.8479629
time_sampled: 1731299432.0507982
