time_end: 1731301283.588358
time_sampled: 1731301281.824794
