time_end: 1731300320.9018738
time_sampled: 1731300319.022851
