time_end: 1731292768.6086552
time_sampled: 1731292766.0630012
