time_end: 1731301518.486447
time_sampled: 1731301516.024627
