time_end: 1731314621.1627672
time_sampled: 1731314223.274452
