info_dict:
  test_score: 0.6668761785040854
  train_time: 397.33263897895813
loss: -0.6668761785040854
