time_end: 1731299290.417485
time_sampled: 1731299288.8431842
