info_dict:
  test_score: 0.1089217296113848
  train_time: 1.4224209785461426
loss: -0.1089217296113848
