time_end: 1731301067.666663
time_sampled: 1731301067.4612968
