time_end: 1731299689.135173
time_sampled: 1731299687.659795
