info_dict:
  test_score: 0.034482758620689655
  train_time: 0.8851730823516846
loss: -0.034482758620689655
