time_end: 1731297925.758278
time_sampled: 1731297924.118211
