time_end: 1731300201.769195
time_sampled: 1731300199.247377
