time_end: 1731301198.4902442
time_sampled: 1731301196.523915
