time_end: 1731300362.4571772
time_sampled: 1731300353.64824
