time_end: 1731298421.837635
time_sampled: 1731298419.923747
