time_end: 1731292339.336931
time_sampled: 1731292324.012918
