info_dict:
  test_score: 0.8920780711825488
  train_time: 15.321777105331421
loss: -0.8920780711825488
