time_end: 1731292407.420725
time_sampled: 1731292396.838641
