info_dict:
  test_score: 0.8105960264900662
  train_time: 10.579958200454712
loss: -0.8105960264900662
