time_end: 1731312712.132361
time_sampled: 1731312309.21946
