info_dict:
  test_score: 0.673904348322953
  train_time: 402.4533882141113
loss: -0.673904348322953
