time_end: 1731292666.302141
time_sampled: 1731292665.058631
