time_end: 1731298765.065891
time_sampled: 1731298762.2030668
