time_end: 1731300939.727987
time_sampled: 1731300930.4569201
