time_end: 1731292240.630086
time_sampled: 1731292234.968548
