time_end: 1731292180.275771
time_sampled: 1731292179.047074
