info_dict:
  test_score: 0.50814332247557
  train_time: 1.2269649505615234
loss: -0.50814332247557
