time_end: 1731301179.059744
time_sampled: 1731301177.249952
