time_end: 1731297759.347585
time_sampled: 1731297757.410021
