time_end: 1731297914.8196118
time_sampled: 1731297907.823201
