time_end: 1731301095.940454
time_sampled: 1731301094.385542
