time_end: 1731555263.144078
time_sampled: 1731555191.313708
