info_dict:
  test_score: 0.6035655105422547
  train_time: 71.69099712371826
loss: -0.6035655105422547
