time_end: 1731292210.1696079
time_sampled: 1731292207.378011
