info_dict:
  test_score: 0.7947368421052632
  train_time: 2.78910493850708
loss: -0.7947368421052632
