time_end: 1731300680.9609878
time_sampled: 1731300678.441101
