time_end: 1731556590.0926762
time_sampled: 1731556578.2192519
