info_dict:
  test_score: 0.7236157933832352
  train_time: 11.68484902381897
loss: -0.7236157933832352
