time_end: 1731299900.223083
time_sampled: 1731299893.329941
