time_end: 1731298080.0891368
time_sampled: 1731298073.321685
