time_end: 1731300678.31932
time_sampled: 1731300675.430111
