time_end: 1731291887.509224
time_sampled: 1731291886.50464
