time_end: 1731557420.026355
time_sampled: 1731557407.2896829
