info_dict:
  test_score: 0.6901319924575738
  train_time: 12.49837613105774
loss: -0.6901319924575738
