time_end: 1731299061.815754
time_sampled: 1731299052.791001
