time_end: 1731301374.078722
time_sampled: 1731301372.6527061
