time_end: 1731292247.977468
time_sampled: 1731292246.8072908
