info_dict:
  test_score: 0.3048780487804878
  train_time: 1.1681883335113525
loss: -0.3048780487804878
