time_end: 1731301515.878956
time_sampled: 1731301513.028687
