time_end: 1731298777.1366808
time_sampled: 1731298775.074831
