time_end: 1731297780.732172
time_sampled: 1731297773.5188758
