time_end: 1731299644.562586
time_sampled: 1731299641.896676
