time_end: 1731301235.7937732
time_sampled: 1731301234.6852648
