time_end: 1731300139.252846
time_sampled: 1731300137.2197871
