time_end: 1731297753.935175
time_sampled: 1731297752.775821
