time_end: 1731301292.222073
time_sampled: 1731301291.051069
