time_end: 1731300504.884342
time_sampled: 1731300495.836973
