time_end: 1731291954.214953
time_sampled: 1731291953.121632
