info_dict:
  test_score: 0.37542662116040953
  train_time: 1.0913569927215576
loss: -0.37542662116040953
