time_end: 1731297457.664591
time_sampled: 1731297456.3799639
