time_end: 1731300421.5511339
time_sampled: 1731300418.9058728
