time_end: 1731555423.801257
time_sampled: 1731555377.808545
