info_dict:
  test_score: 0.4604879721158791
  train_time: 45.88135814666748
loss: -0.4604879721158791
