time_end: 1731298003.279664
time_sampled: 1731297995.992668
