time_end: 1731300445.5982149
time_sampled: 1731300443.565453
