time_end: 1731298515.972096
time_sampled: 1731298513.749001
