time_end: 1731292809.383677
time_sampled: 1731292807.6333408
