info_dict:
  test_score: 0.8526829268292683
  train_time: 1.7481858730316162
loss: -0.8526829268292683
