time_end: 1731300492.947221
time_sampled: 1731300490.1767092
