time_end: 1731291992.3467891
time_sampled: 1731291989.671345
