info_dict:
  test_score: 0.5744234800838575
  train_time: 2.6736581325531006
loss: -0.5744234800838575
