time_end: 1731300353.5233269
time_sampled: 1731300350.831569
