time_end: 1731297966.885761
time_sampled: 1731297965.282013
