time_end: 1731298209.825769
time_sampled: 1731298199.7412841
