time_end: 1731297955.228019
time_sampled: 1731297947.439971
