info_dict:
  test_score: 0.6666666666666666
  train_time: 7.067210912704468
loss: -0.6666666666666666
