time_end: 1731300028.136951
time_sampled: 1731300025.891895
