time_end: 1731298367.362589
time_sampled: 1731298365.710631
