info_dict:
  test_score: 0.33333333333333337
  train_time: 0.6494240760803223
loss: -0.33333333333333337
