time_end: 1731292168.6523561
time_sampled: 1731292165.950457
