info_dict:
  test_score: 0.6707317073170732
  train_time: 2.6998658180236816
loss: -0.6707317073170732
