time_end: 1731300837.716628
time_sampled: 1731300835.3182878
