time_end: 1731300329.295383
time_sampled: 1731300320.90538
