time_end: 1731297601.132214
time_sampled: 1731297599.5121841
