info_dict:
  test_score: -0.30000000000000004
  train_time: 1.3390722274780273
loss: 0.30000000000000004
