time_end: 1731301057.5829718
time_sampled: 1731301057.425925
