time_end: 1731312831.7441669
time_sampled: 1731312821.0050912
