info_dict:
  test_score: 0.5115136277926976
  train_time: 10.44272518157959
loss: -0.5115136277926976
