time_end: 1731292807.494282
time_sampled: 1731292805.689366
