info_dict:
  test_score: 0.8526829268292683
  train_time: 1.8027617931365967
loss: -0.8526829268292683
