time_end: 1731292585.79146
time_sampled: 1731292576.206607
