info_dict:
  test_score: 0.9254385964912281
  train_time: 9.582550764083862
loss: -0.9254385964912281
