time_end: 1731301414.2427368
time_sampled: 1731301412.304798
