time_end: 1731299379.012054
time_sampled: 1731299372.429218
