info_dict:
  test_score: 0.13738368910782703
  train_time: 6.320959091186523
loss: -0.13738368910782703
