time_end: 1731297473.8264372
time_sampled: 1731297472.400023
