info_dict:
  test_score: -0.09999999999999998
  train_time: 1.2703509330749512
loss: 0.09999999999999998
