time_end: 1731301168.606712
time_sampled: 1731301167.050194
