time_end: 1731291993.541645
time_sampled: 1731291992.474517
