info_dict:
  test_score: 0.6098901098901099
  train_time: 1.065129041671753
loss: -0.6098901098901099
