time_end: 1731555582.9920828
time_sampled: 1731555569.829395
