info_dict:
  test_score: 0.6660762242157591
  train_time: 13.0213942527771
loss: -0.6660762242157591
