time_end: 1731291923.663139
time_sampled: 1731291918.3163068
