info_dict:
  test_score: 0.917057902973396
  train_time: 5.344900131225586
loss: -0.917057902973396
