time_end: 1731298881.151287
time_sampled: 1731298878.451879
