time_end: 1731301467.649798
time_sampled: 1731301465.427862
