time_end: 1731301087.6779861
time_sampled: 1731301086.268089
