time_end: 1731298953.2775528
time_sampled: 1731298950.2225559
