time_end: 1731298388.393554
time_sampled: 1731298380.522305
