time_end: 1731292269.015851
time_sampled: 1731292267.661942
