time_end: 1731297965.152521
time_sampled: 1731297963.2302961
