info_dict:
  test_score: -0.3333333333333333
  train_time: 1.2427830696105957
loss: 0.3333333333333333
