time_end: 1731299590.35422
time_sampled: 1731299588.302572
