info_dict:
  test_score: -0.04269293924466344
  train_time: 1.5065860748291016
loss: 0.04269293924466344
