time_end: 1731298058.3011048
time_sampled: 1731298056.958365
