time_end: 1731555377.80354
time_sampled: 1731555363.962621
