info_dict:
  test_score: 0.6444774584309468
  train_time: 13.731646060943604
loss: -0.6444774584309468
