time_end: 1731301263.673679
time_sampled: 1731301263.153951
