time_end: 1731299008.193621
time_sampled: 1731299005.299005
