time_end: 1731299459.142526
time_sampled: 1731299452.269453
