time_end: 1731301609.4608462
time_sampled: 1731301607.3037372
