info_dict:
  test_score: 0.015527950310559091
  train_time: 1.324949026107788
loss: -0.015527950310559091
