time_end: 1731301082.275093
time_sampled: 1731301080.530807
