time_end: 1731292825.961236
time_sampled: 1731292824.1156921
