info_dict:
  test_score: 0.8526829268292683
  train_time: 1.843428134918213
loss: -0.8526829268292683
