time_end: 1731301129.3068469
time_sampled: 1731301127.756994
