time_end: 1731297581.224542
time_sampled: 1731297579.672825
