time_end: 1731298172.6280699
time_sampled: 1731298169.107876
