info_dict:
  test_score: -0.3333333333333333
  train_time: 1.9499058723449707
loss: 0.3333333333333333
