time_end: 1731557395.272359
time_sampled: 1731557382.902851
