info_dict:
  test_score: 0.6774470030283983
  train_time: 12.148652076721191
loss: -0.6774470030283983
