time_end: 1731301038.61698
time_sampled: 1731301036.3970659
