time_end: 1731298291.107612
time_sampled: 1731298283.4312918
