time_end: 1731300033.965651
time_sampled: 1731300032.12231
