info_dict:
  test_score: 0.6666666666666667
  train_time: 0.9625539779663086
loss: -0.6666666666666667
