time_end: 1731312146.655861
time_sampled: 1731312086.629097
