info_dict:
  test_score: 0.7080166847608708
  train_time: 59.75352215766907
loss: -0.7080166847608708
