time_end: 1731299806.9293492
time_sampled: 1731299805.74401
