time_end: 1731292067.3744159
time_sampled: 1731292065.673551
