info_dict:
  test_score: 0.7773167358229599
  train_time: 1.6987721920013428
loss: -0.7773167358229599
