time_end: 1731298041.0232189
time_sampled: 1731298039.5494342
