time_end: 1731299435.763934
time_sampled: 1731299433.985331
