info_dict:
  test_score: 0.026819923371647514
  train_time: 1.425675868988037
loss: -0.026819923371647514
