time_end: 1731557447.814466
time_sampled: 1731557435.134898
