info_dict:
  test_score: 0.6775041426204217
  train_time: 12.335815906524658
loss: -0.6775041426204217
