time_end: 1731300045.624444
time_sampled: 1731300044.06431
