time_end: 1731300528.113216
time_sampled: 1731300525.6983051
