time_end: 1731299468.2429261
time_sampled: 1731299460.3228118
