info_dict:
  test_score: -0.029009304871373875
  train_time: 7.470537900924683
loss: 0.029009304871373875
