time_end: 1731298060.549433
time_sampled: 1731298058.433323
