time_end: 1731298878.4487941
time_sampled: 1731298876.178613
