time_end: 1731298436.099297
time_sampled: 1731298433.837781
