time_end: 1731297832.547062
time_sampled: 1731297831.151768
