time_end: 1731300649.551455
time_sampled: 1731300646.71212
