time_end: 1731292695.900494
time_sampled: 1731292694.2411032
