time_end: 1731297790.020127
time_sampled: 1731297782.860904
