time_end: 1731299848.367939
time_sampled: 1731299841.684631
