time_end: 1731555191.309064
time_sampled: 1731555152.8605309
