info_dict:
  test_score: 0.46105936803611225
  train_time: 38.35089826583862
loss: -0.46105936803611225
