time_end: 1731297947.309012
time_sampled: 1731297945.436238
