info_dict:
  test_score: 0.6666666666666667
  train_time: 1.1869308948516846
loss: -0.6666666666666667
