time_end: 1731297690.299376
time_sampled: 1731297683.2367208
