time_end: 1731300291.7858791
time_sampled: 1731300289.082349
