time_end: 1731301736.833926
time_sampled: 1731301735.257601
