time_end: 1731292302.307348
time_sampled: 1731292299.796275
