info_dict:
  test_score: 0.3261058109280139
  train_time: 2.50897216796875
loss: -0.3261058109280139
