time_end: 1731300227.383873
time_sampled: 1731300224.9431748
