time_end: 1731301704.735422
time_sampled: 1731301702.4740999
