time_end: 1731301136.113361
time_sampled: 1731301134.400573
