time_end: 1731309579.996171
time_sampled: 1731309502.691019
