info_dict:
  test_score: 0.7303011256499629
  train_time: 77.125009059906
loss: -0.7303011256499629
