time_end: 1731299492.8691971
time_sampled: 1731299483.801949
