info_dict:
  test_score: -0.2523262178434592
  train_time: 8.709580898284912
loss: 0.2523262178434592
