time_end: 1731292637.76613
time_sampled: 1731292636.7182631
