time_end: 1731301613.926597
time_sampled: 1731301612.224468
