time_end: 1731292165.8147972
time_sampled: 1731292163.204895
