info_dict:
  test_score: 0.7313432835820896
  train_time: 2.607944965362549
loss: -0.7313432835820896
