time_end: 1731292419.049206
time_sampled: 1731292407.554446
