time_end: 1731291893.8715699
time_sampled: 1731291892.6615481
