info_dict:
  test_score: 0.1746031746031746
  train_time: 1.2084641456604004
loss: -0.1746031746031746
