time_end: 1731308661.4876318
time_sampled: 1731308260.275747
