info_dict:
  test_score: 0.5652248442946117
  train_time: 400.99443674087524
loss: -0.5652248442946117
