time_end: 1731298131.945775
time_sampled: 1731298129.6584058
