time_end: 1731297594.9498382
time_sampled: 1731297592.9845572
