time_end: 1731300007.939048
time_sampled: 1731300006.4157922
