time_end: 1731292548.7161942
time_sampled: 1731292541.5676851
