time_end: 1731299025.776593
time_sampled: 1731299017.356024
