time_end: 1731300726.3254158
time_sampled: 1731300723.012137
