time_end: 1731292717.0743308
time_sampled: 1731292714.564115
