time_end: 1731292111.341797
time_sampled: 1731292108.1103108
