info_dict:
  test_score: 0.7981220657276995
  train_time: 3.2295279502868652
loss: -0.7981220657276995
