time_end: 1731297722.380128
time_sampled: 1731297720.745709
