time_end: 1731300409.154966
time_sampled: 1731300406.990725
