info_dict:
  test_score: 0.7303011256499629
  train_time: 81.3628318309784
loss: -0.7303011256499629
