time_end: 1731298380.39209
time_sampled: 1731298378.853489
