time_end: 1731297552.859901
time_sampled: 1731297551.14084
