info_dict:
  test_score: -0.09999999999999998
  train_time: 1.3049860000610352
loss: 0.09999999999999998
