time_end: 1731301053.5619688
time_sampled: 1731301051.883026
