time_end: 1731301448.398954
time_sampled: 1731301445.96795
