time_end: 1731313072.383105
time_sampled: 1731313010.057639
