info_dict:
  test_score: 0.5347694417461859
  train_time: 62.02469611167908
loss: -0.5347694417461859
