time_end: 1731299762.106633
time_sampled: 1731299760.126374
