time_end: 1731299564.005132
time_sampled: 1731299562.133211
