info_dict:
  test_score: 0.08155446086480567
  train_time: 1.4197888374328613
loss: -0.08155446086480567
