time_end: 1731297916.077738
time_sampled: 1731297914.823002
