time_end: 1731301204.1167948
time_sampled: 1731301200.7400372
