time_end: 1731298189.9724631
time_sampled: 1731298186.668658
