time_end: 1731298437.895848
time_sampled: 1731298436.103033
