time_end: 1731299859.503005
time_sampled: 1731299857.371731
