time_end: 1731301387.991866
time_sampled: 1731301386.509995
