info_dict:
  test_score: 0.02795031055900621
  train_time: 0.8613922595977783
loss: -0.02795031055900621
