time_end: 1731557329.1019578
time_sampled: 1731557314.708003
