info_dict:
  test_score: 0.6889320610250843
  train_time: 14.17063021659851
loss: -0.6889320610250843
