time_end: 1731300565.891265
time_sampled: 1731300556.4126358
