time_end: 1731292429.592129
time_sampled: 1731292419.179282
