info_dict:
  test_score: 0.8920780711825488
  train_time: 10.410875082015991
loss: -0.8920780711825488
