time_end: 1731297807.042342
time_sampled: 1731297805.13553
