time_end: 1731300510.5967202
time_sampled: 1731300508.2017531
