time_end: 1731307991.69804
time_sampled: 1731307974.654565
