info_dict:
  test_score: 0.44574595737386435
  train_time: 16.926805019378662
loss: -0.44574595737386435
