time_end: 1731298679.485746
time_sampled: 1731298670.981279
