time_end: 1731298006.8871229
time_sampled: 1731298005.516202
