time_end: 1731307461.504583
time_sampled: 1731307443.525217
