info_dict:
  test_score: 0.483286669333181
  train_time: 17.887349128723145
loss: -0.483286669333181
