time_end: 1731301269.309207
time_sampled: 1731301267.477074
