time_end: 1731557179.0006871
time_sampled: 1731557167.565957
