info_dict:
  test_score: 0.6808753785497972
  train_time: 11.221755027770996
loss: -0.6808753785497972
