time_end: 1731300314.244433
time_sampled: 1731300312.527759
