time_end: 1731297981.557363
time_sampled: 1731297974.779973
