time_end: 1731292086.935632
time_sampled: 1731292085.891329
