time_end: 1731298345.331041
time_sampled: 1731298343.64555
