time_end: 1731292034.279988
time_sampled: 1731292029.411853
