info_dict:
  test_score: 0.5339966832504146
  train_time: 4.866240978240967
loss: -0.5339966832504146
