time_end: 1731292074.982239
time_sampled: 1731292073.169017
