info_dict:
  test_score: 0.7773167358229599
  train_time: 1.8112962245941162
loss: -0.7773167358229599
