time_end: 1731300810.1716962
time_sampled: 1731300807.118378
