time_end: 1731297820.326664
time_sampled: 1731297818.508381
