time_end: 1731291918.184705
time_sampled: 1731291912.920596
