info_dict:
  test_score: 0.9397590361445783
  train_time: 5.262188196182251
loss: -0.9397590361445783
