time_end: 1731300641.643382
time_sampled: 1731300632.3731341
