time_end: 1731292498.273495
time_sampled: 1731292488.860151
