info_dict:
  test_score: 0.9886947584789312
  train_time: 9.411189079284668
loss: -0.9886947584789312
