time_end: 1731298993.257401
time_sampled: 1731298990.2899132
