time_end: 1731297924.114901
time_sampled: 1731297917.6952882
