time_end: 1731301071.437868
time_sampled: 1731301069.880029
