time_end: 1731300818.8341188
time_sampled: 1731300815.8062809
