time_end: 1731292783.595459
time_sampled: 1731292782.215275
