time_end: 1731300252.043752
time_sampled: 1731300249.882417
