time_end: 1731298471.350247
time_sampled: 1731298468.944656
