time_end: 1731299660.095077
time_sampled: 1731299658.870162
