info_dict:
  test_score: 0.008210180623973731
  train_time: 0.6393849849700928
loss: -0.008210180623973731
