time_end: 1731300466.517004
time_sampled: 1731300463.931466
