time_end: 1731297771.35067
time_sampled: 1731297764.35452
