time_end: 1731291899.970201
time_sampled: 1731291898.877434
