time_end: 1731291905.648061
time_sampled: 1731291904.360652
