info_dict:
  test_score: 0.20408163265306123
  train_time: 1.28535795211792
loss: -0.20408163265306123
