time_end: 1731309430.613311
time_sampled: 1731309328.682432
