info_dict:
  test_score: 0.7303011256499629
  train_time: 101.75976705551147
loss: -0.7303011256499629
