time_end: 1731297744.3526862
time_sampled: 1731297742.607599
