time_end: 1731297805.13233
time_sampled: 1731297803.341453
