time_end: 1731298038.002728
time_sampled: 1731298036.074173
