time_end: 1731292279.571062
time_sampled: 1731292277.011335
