time_end: 1731301251.8259919
time_sampled: 1731301250.1658099
