time_end: 1731298921.1231601
time_sampled: 1731298912.240361
