time_end: 1731298909.219152
time_sampled: 1731298906.849705
