time_end: 1731299581.30799
time_sampled: 1731299578.904667
