info_dict:
  test_score: -0.05309250136836341
  train_time: 1.935870885848999
loss: 0.05309250136836341
