time_end: 1731292703.194078
time_sampled: 1731292700.538775
