info_dict:
  test_score: 0.993912562257886
  train_time: 2.653198003768921
loss: -0.993912562257886
