time_end: 1731312808.204767
time_sampled: 1731312790.787436
