info_dict:
  test_score: 0.46728758356665334
  train_time: 17.134745121002197
loss: -0.46728758356665334
