time_end: 1731292534.119734
time_sampled: 1731292526.8318431
