time_end: 1731557228.354163
time_sampled: 1731557215.434985
