info_dict:
  test_score: 0.6900748528655506
  train_time: 12.539010047912598
loss: -0.6900748528655506
