time_end: 1731301046.781018
time_sampled: 1731301046.024395
