time_end: 1731298008.2515671
time_sampled: 1731298007.0205681
