time_end: 1731301124.281892
time_sampled: 1731301122.67017
