time_end: 1731300583.388515
time_sampled: 1731300580.524288
