time_end: 1731300013.9529479
time_sampled: 1731300011.7562082
