time_end: 1731297815.059614
time_sampled: 1731297808.774493
