time_end: 1731292267.657908
time_sampled: 1731292262.334307
