time_end: 1731300530.970766
time_sampled: 1731300528.116529
