time_end: 1731300597.042042
time_sampled: 1731300594.574404
