time_end: 1731301036.393385
time_sampled: 1731301036.264611
