time_end: 1731298355.617604
time_sampled: 1731298354.136298
