time_end: 1731301679.120856
time_sampled: 1731301676.844309
