info_dict:
  test_score: -0.015527950310559008
  train_time: 1.3567919731140137
loss: 0.015527950310559008
