time_end: 1731292516.9846091
time_sampled: 1731292505.663519
