info_dict:
  test_score: 0.9886947584789312
  train_time: 11.319210052490234
loss: -0.9886947584789312
