time_end: 1731292063.561314
time_sampled: 1731292061.7954419
