info_dict:
  test_score: 0.7773167358229599
  train_time: 1.7639529705047607
loss: -0.7773167358229599
