time_end: 1731299420.845692
time_sampled: 1731299414.417956
