time_end: 1731300117.8685231
time_sampled: 1731300113.081078
