time_end: 1731300458.864734
time_sampled: 1731300456.1123421
