time_end: 1731292683.6983109
time_sampled: 1731292682.2499998
