time_end: 1731300594.4427142
time_sampled: 1731300586.0003588
