time_end: 1731292127.619642
time_sampled: 1731292126.2315369
