time_end: 1731298550.206122
time_sampled: 1731298542.646518
