time_end: 1731298703.612839
time_sampled: 1731298695.36656
