time_end: 1731301042.490655
time_sampled: 1731301040.834228
