time_end: 1731299272.4594119
time_sampled: 1731299264.35469
