time_end: 1731292445.90704
time_sampled: 1731292443.083731
