time_end: 1731292505.535018
time_sampled: 1731292498.401751
