time_end: 1731312778.045614
time_sampled: 1731312761.6864629
