info_dict:
  test_score: 0.453345523112965
  train_time: 16.076584100723267
loss: -0.453345523112965
