time_end: 1731298266.092574
time_sampled: 1731298264.205535
