info_dict:
  test_score: -0.6666666666666666
  train_time: 0.9785871505737305
loss: 0.6666666666666666
