time_end: 1731291892.658208
time_sampled: 1731291891.642396
