time_end: 1731301663.122907
time_sampled: 1731301660.564353
