time_end: 1731300414.710054
time_sampled: 1731300412.0564322
