time_end: 1731301263.027803
time_sampled: 1731301259.6232588
