time_end: 1731298563.3716722
time_sampled: 1731298561.5260959
