time_end: 1731299064.251193
time_sampled: 1731299061.942662
