time_end: 1731292358.106016
time_sampled: 1731292350.02795
