info_dict:
  test_score: 0.8920780711825488
  train_time: 8.075932264328003
loss: -0.8920780711825488
