time_end: 1731298017.7041569
time_sampled: 1731298010.461466
