time_end: 1731299973.905785
time_sampled: 1731299965.901076
