time_end: 1731299629.624438
time_sampled: 1731299623.057041
