time_end: 1731298146.47386
time_sampled: 1731298143.984066
