time_end: 1731300371.261326
time_sampled: 1731300369.443369
