time_end: 1731299928.828321
time_sampled: 1731299926.657106
