time_end: 1731301093.9162822
time_sampled: 1731301092.3225331
