time_end: 1731301683.6389692
time_sampled: 1731301681.460511
