info_dict:
  test_score: -0.015527950310559008
  train_time: 1.2515063285827637
loss: 0.015527950310559008
