time_end: 1731298587.5212128
time_sampled: 1731298585.194685
