time_end: 1731556980.106795
time_sampled: 1731556964.6462731
