info_dict:
  test_score: 0.6928175532826696
  train_time: 15.269947290420532
loss: -0.6928175532826696
