time_end: 1731298129.6534688
time_sampled: 1731298127.95655
