time_end: 1731311234.776025
time_sampled: 1731310878.380589
