info_dict:
  test_score: 0.581166790469116
  train_time: 356.0833342075348
loss: -0.581166790469116
