time_end: 1731556527.461157
time_sampled: 1731556471.198051
