info_dict:
  test_score: 0.35780812524998573
  train_time: 56.086040019989014
loss: -0.35780812524998573
