time_end: 1731301376.244252
time_sampled: 1731301374.081995
