info_dict:
  test_score: 0.018633540372670843
  train_time: 1.5277929306030273
loss: -0.018633540372670843
