time_end: 1731292262.331562
time_sampled: 1731292259.925039
