time_end: 1731298456.0699651
time_sampled: 1731298454.2854102
