info_dict:
  test_score: -0.6666666666666666
  train_time: 0.6900439262390137
loss: 0.6666666666666666
