time_end: 1731299934.6412091
time_sampled: 1731299933.137682
