time_end: 1731299666.843316
time_sampled: 1731299662.0839832
