time_end: 1731309953.889075
time_sampled: 1731309882.869077
