info_dict:
  test_score: 0.7303011256499629
  train_time: 70.8308470249176
loss: -0.7303011256499629
