time_end: 1731291959.825511
time_sampled: 1731291958.7862751
