info_dict:
  test_score: 0.7476979742173112
  train_time: 1.0377228260040283
loss: -0.7476979742173112
