time_end: 1731291901.395547
time_sampled: 1731291900.093877
