info_dict:
  test_score: 0.20408163265306123
  train_time: 1.299839973449707
loss: -0.20408163265306123
