time_end: 1731300147.881585
time_sampled: 1731300145.85814
