time_end: 1731297578.407398
time_sampled: 1731297577.6192908
