time_end: 1731298792.11049
time_sampled: 1731298790.1885922
