time_end: 1731292762.908347
time_sampled: 1731292760.134848
