time_end: 1731301032.543669
time_sampled: 1731301032.415573
