time_end: 1731297488.935918
time_sampled: 1731297487.2817652
