time_end: 1731312790.7832031
time_sampled: 1731312778.0497448
