info_dict:
  test_score: 0.5013999200045711
  train_time: 12.434391260147095
loss: -0.5013999200045711
