time_end: 1731300392.762929
time_sampled: 1731300384.496178
