time_end: 1731301177.246259
time_sampled: 1731301174.7064362
