time_end: 1731301043.985594
time_sampled: 1731301043.838034
