time_end: 1731299709.048567
time_sampled: 1731299698.008039
