time_end: 1731301644.462715
time_sampled: 1731301642.0249898
