info_dict:
  test_score: -0.03416149068322982
  train_time: 1.5263547897338867
loss: 0.03416149068322982
