time_end: 1731298730.0176718
time_sampled: 1731298727.401122
