time_end: 1731300190.9726112
time_sampled: 1731300188.495512
