time_end: 1731299338.786877
time_sampled: 1731299336.608385
