info_dict:
  test_score: 0.023535851122058027
  train_time: 1.9707438945770264
loss: -0.023535851122058027
