time_end: 1731301612.101352
time_sampled: 1731301609.5812612
