time_end: 1731298328.8453078
time_sampled: 1731298326.4358761
