time_end: 1731301166.920565
time_sampled: 1731301165.259093
