time_end: 1731292277.008213
time_sampled: 1731292274.346551
