info_dict:
  test_score: 0.3261058109280139
  train_time: 2.6601128578186035
loss: -0.3261058109280139
