time_end: 1731309083.110983
time_sampled: 1731308962.376404
