info_dict:
  test_score: 0.7303011256499629
  train_time: 120.51276183128357
loss: -0.7303011256499629
