time_end: 1731300655.553867
time_sampled: 1731300652.6451101
