time_end: 1731301264.896086
time_sampled: 1731301263.737071
