time_end: 1731297726.453951
time_sampled: 1731297724.460168
