time_end: 1731298273.891414
time_sampled: 1731298266.2250721
