time_end: 1731310025.239019
time_sampled: 1731309954.032544
