time_end: 1731299273.211487
time_sampled: 1731299272.463031
