time_end: 1731297576.467777
time_sampled: 1731297575.037801
