info_dict:
  test_score: -0.30000000000000004
  train_time: 1.188981056213379
loss: 0.30000000000000004
