time_end: 1731299718.820085
time_sampled: 1731299715.6222231
