info_dict:
  test_score: -0.03721948549534759
  train_time: 2.4074082374572754
loss: 0.03721948549534759
