time_end: 1731308170.588709
time_sampled: 1731308076.170627
