info_dict:
  test_score: 0.4782583852351294
  train_time: 94.26306319236755
loss: -0.4782583852351294
