time_end: 1731298443.744152
time_sampled: 1731298441.98479
