time_end: 1731299348.662116
time_sampled: 1731299346.6707342
