time_end: 1731300382.2191849
time_sampled: 1731300373.636008
