time_end: 1731300556.289002
time_sampled: 1731300553.6602108
