time_end: 1731309667.401551
time_sampled: 1731309580.148633
