info_dict:
  test_score: 0.7303011256499629
  train_time: 87.08092713356018
loss: -0.7303011256499629
