time_end: 1731298990.2863958
time_sampled: 1731298987.3132439
