time_end: 1731301086.149848
time_sampled: 1731301083.711565
