time_end: 1731313336.754517
time_sampled: 1731313248.070842
