info_dict:
  test_score: 0.6501914176332781
  train_time: 88.36432600021362
loss: -0.6501914176332781
