time_end: 1731301109.543029
time_sampled: 1731301108.0687318
