time_end: 1731301556.4598882
time_sampled: 1731301554.271148
