info_dict:
  test_score: -0.04658385093167702
  train_time: 1.420896053314209
loss: 0.04658385093167702
