time_end: 1731310102.877834
time_sampled: 1731310025.381943
