info_dict:
  test_score: 0.7303011256499629
  train_time: 77.18262219429016
loss: -0.7303011256499629
