time_end: 1731556250.714249
time_sampled: 1731556183.8553002
