info_dict:
  test_score: 0.6669904576881321
  train_time: 66.69210481643677
loss: -0.6669904576881321
