time_end: 1731301618.768903
time_sampled: 1731301616.454132
