time_end: 1731292158.140162
time_sampled: 1731292156.8232682
