info_dict:
  test_score: 0.5029239766081871
  train_time: 1.3150551319122314
loss: -0.5029239766081871
