time_end: 1731299713.072536
time_sampled: 1731299710.881393
