time_end: 1731298143.836848
time_sampled: 1731298141.185683
