time_end: 1731298376.530869
time_sampled: 1731298374.113179
