time_end: 1731297676.871361
time_sampled: 1731297670.566724
