time_end: 1731300167.056499
time_sampled: 1731300158.981222
