time_end: 1731301094.2593799
time_sampled: 1731301094.037566
