time_end: 1731292700.415339
time_sampled: 1731292695.903818
