time_end: 1731298929.836652
time_sampled: 1731298926.9346838
