time_end: 1731297495.648727
time_sampled: 1731297489.081214
