time_end: 1731299534.757823
time_sampled: 1731299532.8209841
