info_dict:
  test_score: -0.1390257252326218
  train_time: 1.5399510860443115
loss: 0.1390257252326218
