time_end: 1731291979.2327979
time_sampled: 1731291978.1430242
