time_end: 1731301207.661031
time_sampled: 1731301204.248328
