time_end: 1731311748.6404421
time_sampled: 1731311662.9199092
