time_end: 1731297738.4344902
time_sampled: 1731297730.765595
