time_end: 1731301183.065564
time_sampled: 1731301182.705396
