time_end: 1731300062.006644
time_sampled: 1731300059.790602
