time_end: 1731298668.42424
time_sampled: 1731298660.088417
