time_end: 1731291911.367552
time_sampled: 1731291910.042495
