info_dict:
  test_score: 0.20408163265306123
  train_time: 1.323030710220337
loss: -0.20408163265306123
