time_end: 1731299393.662966
time_sampled: 1731299392.2364202
