info_dict:
  test_score: -0.05309250136836341
  train_time: 1.1530029773712158
loss: 0.05309250136836341
