time_end: 1731298582.4085708
time_sampled: 1731298579.756628
