time_end: 1731300154.994106
time_sampled: 1731300152.499637
