time_end: 1731298590.068993
time_sampled: 1731298587.648125
