time_end: 1731299365.0895228
time_sampled: 1731299363.3010309
