time_end: 1731300088.784096
time_sampled: 1731300086.3143492
