time_end: 1731300822.156887
time_sampled: 1731300818.959646
