time_end: 1731313247.933291
time_sampled: 1731313169.6806011
