info_dict:
  test_score: 0.29478315524827153
  train_time: 77.92310619354248
loss: -0.29478315524827153
