time_end: 1731299959.079393
time_sampled: 1731299956.397279
