time_end: 1731292677.770957
time_sampled: 1731292676.4843168
