info_dict:
  test_score: 0.9593908629441624
  train_time: 1.284609079360962
loss: -0.9593908629441624
