time_end: 1731555449.472692
time_sampled: 1731555438.039007
