info_dict:
  test_score: 0.658933775212845
  train_time: 11.305246114730835
loss: -0.658933775212845
