time_end: 1731299793.4201741
time_sampled: 1731299791.3833501
