time_end: 1731300128.697093
time_sampled: 1731300121.558429
