time_end: 1731300812.627724
time_sampled: 1731300810.17547
