time_end: 1731291971.801868
time_sampled: 1731291970.653237
