time_end: 1731300443.443638
time_sampled: 1731300441.271033
