time_end: 1731299658.866595
time_sampled: 1731299655.481544
