time_end: 1731300921.791296
time_sampled: 1731300912.5663202
