time_end: 1731555437.863837
time_sampled: 1731555425.4696681
