info_dict:
  test_score: 0.5507113879206903
  train_time: 12.267195701599121
loss: -0.5507113879206903
