time_end: 1731301465.297535
time_sampled: 1731301462.832632
