info_dict:
  test_score: -0.08695652173913043
  train_time: 1.729468822479248
loss: 0.08695652173913043
