time_end: 1731300121.555145
time_sampled: 1731300119.8604732
