time_end: 1731292805.5562198
time_sampled: 1731292799.317416
