info_dict:
  test_score: 0.40866035182679294
  train_time: 6.236638069152832
loss: -0.40866035182679294
