time_end: 1731297941.27943
time_sampled: 1731297939.427348
