time_end: 1731313169.542138
time_sampled: 1731313157.970506
