info_dict:
  test_score: 0.5599108622364436
  train_time: 11.263181209564209
loss: -0.5599108622364436
