time_end: 1731292181.598155
time_sampled: 1731292180.278959
