info_dict:
  test_score: 0.40718562874251496
  train_time: 1.3176426887512207
loss: -0.40718562874251496
