time_end: 1731300606.11802
time_sampled: 1731300597.169517
