time_end: 1731299336.478771
time_sampled: 1731299329.1105652
