info_dict:
  test_score: 0.07334428024083195
  train_time: 7.164281845092773
loss: -0.07334428024083195
