time_end: 1731301062.471236
time_sampled: 1731301061.810008
