time_end: 1731298378.720164
time_sampled: 1731298376.661571
