time_end: 1731297858.502653
time_sampled: 1731297851.240758
