time_end: 1731300078.305263
time_sampled: 1731300076.5290828
