info_dict:
  test_score: -0.3333333333333333
  train_time: 0.8515679836273193
loss: 0.3333333333333333
