time_end: 1731298005.385133
time_sampled: 1731298003.410739
