info_dict:
  test_score: -0.6666666666666666
  train_time: 1.245638132095337
loss: 0.6666666666666666
