time_end: 1731298782.2615051
time_sampled: 1731298779.951924
