time_end: 1731297446.2874901
time_sampled: 1731297444.823684
