time_end: 1731299531.0375419
time_sampled: 1731299529.047266
