info_dict:
  test_score: 0.23918992884510126
  train_time: 1.548449993133545
loss: -0.23918992884510126
