time_end: 1731301240.655205
time_sampled: 1731301238.9273658
