time_end: 1731300463.803896
time_sampled: 1731300461.046261
