time_end: 1731301101.263205
time_sampled: 1731301099.6185448
