time_end: 1731299397.885002
time_sampled: 1731299395.856491
