info_dict:
  test_score: 0.10563765736179531
  train_time: 1.7399930953979492
loss: -0.10563765736179531
