time_end: 1731292001.090553
time_sampled: 1731291999.857482
