time_end: 1731298365.582758
time_sampled: 1731298357.469054
