time_end: 1731292201.044281
time_sampled: 1731292194.285343
