info_dict:
  test_score: 0.7947368421052632
  train_time: 6.756701946258545
loss: -0.7947368421052632
