time_end: 1731297907.820211
time_sampled: 1731297906.131212
