time_end: 1731301051.215154
time_sampled: 1731301049.718209
