time_end: 1731292743.511044
time_sampled: 1731292739.717838
