time_end: 1731557129.149694
time_sampled: 1731557115.193248
