info_dict:
  test_score: 0.5403119821724472
  train_time: 13.752647876739502
loss: -0.5403119821724472
