time_end: 1731299543.399253
time_sampled: 1731299541.571149
