info_dict:
  test_score: -0.020799124247400103
  train_time: 1.356393814086914
loss: 0.020799124247400103
