time_end: 1731300544.8400939
time_sampled: 1731300542.3502579
