time_end: 1731300704.808403
time_sampled: 1731300702.2626822
