time_end: 1731556542.298456
time_sampled: 1731556527.602122
