info_dict:
  test_score: 0.6283640934803726
  train_time: 14.518025159835815
loss: -0.6283640934803726
