time_end: 1731300673.0010262
time_sampled: 1731300670.3292239
