time_end: 1731299258.9708512
time_sampled: 1731299252.257299
