info_dict:
  test_score: 0.06349206349206349
  train_time: 6.615816831588745
loss: -0.06349206349206349
