time_end: 1731298923.789984
time_sampled: 1731298921.2482738
