time_end: 1731300550.693634
time_sampled: 1731300544.9784691
