time_end: 1731291984.097431
time_sampled: 1731291983.012375
