info_dict:
  test_score: 0.6939655172413793
  train_time: 1.083094835281372
loss: -0.6939655172413793
