time_end: 1731301280.611872
time_sampled: 1731301273.4273942
