time_end: 1731291949.457773
time_sampled: 1731291944.3692029
