time_end: 1731299916.6683981
time_sampled: 1731299914.693109
