info_dict:
  test_score: 0.6666666666666667
  train_time: 1.2274610996246338
loss: -0.6666666666666667
