time_end: 1731299351.238273
time_sampled: 1731299350.482351
