time_end: 1731298430.2719018
time_sampled: 1731298421.840884
