time_end: 1731301213.922494
time_sampled: 1731301213.513016
