time_end: 1731292725.3958368
time_sampled: 1731292722.659701
