info_dict:
  test_score: 0.9757746478873239
  train_time: 2.7335948944091797
loss: -0.9757746478873239
