time_end: 1731292691.0964491
time_sampled: 1731292688.580819
