time_end: 1731314223.111304
time_sampled: 1731314206.381723
