info_dict:
  test_score: 0.533683789497743
  train_time: 16.376651763916016
loss: -0.533683789497743
