time_end: 1731292440.468689
time_sampled: 1731292439.065852
