time_end: 1731299562.0864892
time_sampled: 1731299559.661325
