info_dict:
  test_score: 0.11877394636015326
  train_time: 1.963947057723999
loss: -0.11877394636015326
