time_end: 1731298492.557216
time_sampled: 1731298484.6326349
