time_end: 1731292117.1062112
time_sampled: 1731292111.506314
