info_dict:
  test_score: 0.7981220657276995
  train_time: 5.5981199741363525
loss: -0.7981220657276995
