time_end: 1731301669.8711748
time_sampled: 1731301667.3243341
