time_end: 1731292714.437684
time_sampled: 1731292711.770899
