info_dict:
  test_score: 0.993912562257886
  train_time: 2.6647469997406006
loss: -0.993912562257886
