time_end: 1731300076.400247
time_sampled: 1731300074.414182
