time_end: 1731292283.557744
time_sampled: 1731292282.18557
