time_end: 1731299084.349588
time_sampled: 1731299081.620725
