time_end: 1731300074.282529
time_sampled: 1731300072.048778
