time_end: 1731300835.174805
time_sampled: 1731300828.725922
