time_end: 1731301174.7034109
time_sampled: 1731301173.589547
