time_end: 1731299874.35805
time_sampled: 1731299866.2883468
