time_end: 1731299516.977961
time_sampled: 1731299512.180386
