info_dict:
  test_score: -0.018609742747673783
  train_time: 4.408157110214233
loss: 0.018609742747673783
