time_end: 1731300058.0392928
time_sampled: 1731300053.230311
