time_end: 1731299380.748309
time_sampled: 1731299379.01557
