info_dict:
  test_score: 0.032293377120963335
  train_time: 1.4752049446105957
loss: -0.032293377120963335
