time_end: 1731300011.753149
time_sampled: 1731300010.075327
