time_end: 1731292663.546763
time_sampled: 1731292662.363847
