info_dict:
  test_score: 0.9593908629441624
  train_time: 1.1809468269348145
loss: -0.9593908629441624
