time_end: 1731292153.669742
time_sampled: 1731292152.3027241
