time_end: 1731291968.060098
time_sampled: 1731291966.69294
