time_end: 1731301222.450319
time_sampled: 1731301221.568558
