time_end: 1731301718.716324
time_sampled: 1731301716.348052
