info_dict:
  test_score: -0.02795031055900621
  train_time: 1.4150028228759766
loss: 0.02795031055900621
