time_end: 1731301259.4980228
time_sampled: 1731301257.723566
