time_end: 1731297822.3948941
time_sampled: 1731297820.330009
