time_end: 1731300513.432426
time_sampled: 1731300510.5999072
