time_end: 1731299948.4155478
time_sampled: 1731299940.901369
