time_end: 1731299977.2218628
time_sampled: 1731299975.7084212
