time_end: 1731301069.6875908
time_sampled: 1731301067.725424
