time_end: 1731297834.560097
time_sampled: 1731297832.6758761
