time_end: 1731298813.055638
time_sampled: 1731298811.0537899
