time_end: 1731555129.9600608
time_sampled: 1731555118.3270988
