info_dict:
  test_score: 0.6624764299182904
  train_time: 11.541327714920044
loss: -0.6624764299182904
