time_end: 1731298713.7158961
time_sampled: 1731298711.1984398
