time_end: 1731300132.7156868
time_sampled: 1731300130.8887858
