time_end: 1731299070.1102028
time_sampled: 1731299067.148581
