time_end: 1731298719.697833
time_sampled: 1731298717.867061
