time_end: 1731300171.0410938
time_sampled: 1731300168.979723
