time_end: 1731297465.8223512
time_sampled: 1731297458.340414
