time_end: 1731301528.9763358
time_sampled: 1731301518.6131148
