time_end: 1731291891.639352
time_sampled: 1731291890.56597
