time_end: 1731301107.9454222
time_sampled: 1731301107.698499
