time_end: 1731292140.251931
time_sampled: 1731292136.665717
