time_end: 1731314206.218685
time_sampled: 1731314123.380872
