info_dict:
  test_score: 0.29478315524827153
  train_time: 82.28919911384583
loss: -0.29478315524827153
