time_end: 1731300828.59593
time_sampled: 1731300825.457719
