time_end: 1731556964.4777012
time_sampled: 1731556950.7650108
