info_dict:
  test_score: 0.7234443746071653
  train_time: 13.372642040252686
loss: -0.7234443746071653
