time_end: 1731299449.840943
time_sampled: 1731299446.489148
