time_end: 1731299723.059057
time_sampled: 1731299718.9728682
