time_end: 1731301395.138245
time_sampled: 1731301393.252466
