time_end: 1731298741.262113
time_sampled: 1731298732.51952
