time_end: 1731292186.572356
time_sampled: 1731292183.1609442
