info_dict:
  test_score: 0.7947368421052632
  train_time: 3.4093520641326904
loss: -0.7947368421052632
