time_end: 1731299395.725729
time_sampled: 1731299393.79487
