time_end: 1731297860.647847
time_sampled: 1731297858.634822
