info_dict:
  test_score: 0.19999999999999996
  train_time: 1.384004831314087
loss: -0.19999999999999996
