time_end: 1731297577.61577
time_sampled: 1731297576.471152
