time_end: 1731298073.193126
time_sampled: 1731298066.0836601
