info_dict:
  test_score: -0.6666666666666667
  train_time: 6.311222076416016
loss: 0.6666666666666667
