time_end: 1731299781.562303
time_sampled: 1731299772.796065
