time_end: 1731300675.30781
time_sampled: 1731300673.004748
