time_end: 1731308076.161278
time_sampled: 1731307991.702464
