info_dict:
  test_score: 0.26969887435003714
  train_time: 84.34926390647888
loss: -0.26969887435003714
