time_end: 1731291888.516844
time_sampled: 1731291887.512308
