time_end: 1731301224.214263
time_sampled: 1731301222.453347
