time_end: 1731292673.708805
time_sampled: 1731292672.508966
