info_dict:
  test_score: 0.9593908629441624
  train_time: 1.197767972946167
loss: -0.9593908629441624
