time_end: 1731301227.128631
time_sampled: 1731301226.066669
