time_end: 1731299483.677087
time_sampled: 1731299482.767723
