time_end: 1731297745.484993
time_sampled: 1731297744.4755042
