time_end: 1731298576.801493
time_sampled: 1731298574.543574
