time_end: 1731292635.7253811
time_sampled: 1731292634.54529
