info_dict:
  test_score: 0.9593908629441624
  train_time: 1.1775181293487549
loss: -0.9593908629441624
