time_end: 1731298502.857175
time_sampled: 1731298500.414832
