time_end: 1731300294.065851
time_sampled: 1731300291.9184918
