time_end: 1731298133.3482618
time_sampled: 1731298131.949436
