time_end: 1731297757.2788029
time_sampled: 1731297755.5702798
