info_dict:
  test_score: 0.09999999999999998
  train_time: 1.2029640674591064
loss: -0.09999999999999998
