time_end: 1731298534.48573
time_sampled: 1731298526.285907
