time_end: 1731301748.135221
time_sampled: 1731301745.709732
