time_end: 1731291997.187314
time_sampled: 1731291996.0280268
