time_end: 1731299532.688682
time_sampled: 1731299531.169068
