info_dict:
  test_score: 0.020799124247400047
  train_time: 1.1101529598236084
loss: -0.020799124247400047
