time_end: 1731298695.2265851
time_sampled: 1731298692.919158
