time_end: 1731297943.353687
time_sampled: 1731297941.401908
