time_end: 1731310680.206433
time_sampled: 1731310667.834265
