info_dict:
  test_score: 0.5197417290440546
  train_time: 12.162699937820435
loss: -0.5197417290440546
