time_end: 1731556735.4141161
time_sampled: 1731556723.96292
