info_dict:
  test_score: 0.7005313982058168
  train_time: 11.26497197151184
loss: -0.7005313982058168
