time_end: 1731300729.060259
time_sampled: 1731300726.456943
