time_end: 1731292285.930859
time_sampled: 1731292283.5616992
