time_end: 1731297589.0416498
time_sampled: 1731297583.155346
