time_end: 1731557302.114152
time_sampled: 1731557289.3898728
