info_dict:
  test_score: 0.690531969601737
  train_time: 12.483485221862793
loss: -0.690531969601737
