time_end: 1731297761.1717608
time_sampled: 1731297759.474725
