time_end: 1731557103.788268
time_sampled: 1731557091.899681
