info_dict:
  test_score: 0.6727615564824867
  train_time: 11.686629056930542
loss: -0.6727615564824867
