time_end: 1731292219.205777
time_sampled: 1731292214.6157062
