time_end: 1731299923.044928
time_sampled: 1731299920.793643
