info_dict:
  test_score: 0.33333333333333337
  train_time: 1.4575390815734863
loss: -0.33333333333333337
