time_end: 1731301699.8028858
time_sampled: 1731301697.567245
