info_dict:
  test_score: 0.05900621118012428
  train_time: 1.252223014831543
loss: -0.05900621118012428
