time_end: 1731292654.24621
time_sampled: 1731292653.037224
