time_end: 1731300424.5734432
time_sampled: 1731300421.5543108
