time_end: 1731292323.8850539
time_sampled: 1731292315.739899
