info_dict:
  test_score: 0.8920780711825488
  train_time: 8.143025875091553
loss: -0.8920780711825488
