time_end: 1731555569.697536
time_sampled: 1731555556.625599
