info_dict:
  test_score: 0.6648191531912462
  train_time: 12.94172191619873
loss: -0.6648191531912462
