time_end: 1731297750.632719
time_sampled: 1731297749.330685
