time_end: 1731310224.69558
time_sampled: 1731310212.330104
