info_dict:
  test_score: 0.5182560996514485
  train_time: 12.16852593421936
loss: -0.5182560996514485
