time_end: 1731300406.853428
time_sampled: 1731300398.320267
