time_end: 1731311300.4427059
time_sampled: 1731311234.916159
