info_dict:
  test_score: 0.7080166847608708
  train_time: 65.29766488075256
loss: -0.7080166847608708
