time_end: 1731300542.223957
time_sampled: 1731300533.349441
