time_end: 1731300096.569227
time_sampled: 1731300088.919538
