time_end: 1731300214.5026639
time_sampled: 1731300205.639594
