time_end: 1731301600.045911
time_sampled: 1731301598.4983108
