info_dict:
  test_score: -0.043478260869565216
  train_time: 0.6989092826843262
loss: 0.043478260869565216
