time_end: 1731297870.2633758
time_sampled: 1731297868.196741
