info_dict:
  test_score: -0.09999999999999998
  train_time: 1.4385168552398682
loss: 0.09999999999999998
