time_end: 1731298454.158058
time_sampled: 1731298452.402598
