time_end: 1731301154.521527
time_sampled: 1731301151.005513
