time_end: 1731298452.2764852
time_sampled: 1731298450.3618822
