time_end: 1731301125.9719691
time_sampled: 1731301124.285884
