time_end: 1731292656.912205
time_sampled: 1731292655.702024
