info_dict:
  test_score: 0.9593908629441624
  train_time: 1.2080309391021729
loss: -0.9593908629441624
