time_end: 1731555713.533706
time_sampled: 1731555649.976647
