info_dict:
  test_score: 0.6620193131821038
  train_time: 63.4055278301239
loss: -0.6620193131821038
