time_end: 1731300267.443599
time_sampled: 1731300259.5809789
