time_end: 1731298607.562156
time_sampled: 1731298598.5303612
