time_end: 1731298711.073035
time_sampled: 1731298709.2430751
