time_end: 1731292288.437006
time_sampled: 1731292286.0504808
