time_end: 1731311954.676725
time_sampled: 1731311889.884394
