time_end: 1731307893.164056
time_sampled: 1731307461.509098
