info_dict:
  test_score: 0.5441974744300325
  train_time: 431.4927921295166
loss: -0.5441974744300325
