time_end: 1731301729.110461
time_sampled: 1731301726.8550148
