info_dict:
  test_score: -0.021739130434782594
  train_time: 1.2912771701812744
loss: 0.021739130434782594
