time_end: 1731301310.091538
time_sampled: 1731301308.137852
