info_dict:
  test_score: -0.02795031055900621
  train_time: 1.420443058013916
loss: 0.02795031055900621
