time_end: 1731301473.474381
time_sampled: 1731301472.1241338
