time_end: 1731301250.0418072
time_sampled: 1731301248.213068
