time_end: 1731292688.577803
time_sampled: 1731292686.87005
