time_end: 1731299691.019131
time_sampled: 1731299689.259115
