time_end: 1731301294.119835
time_sampled: 1731301292.342797
