info_dict:
  test_score: -0.02795031055900621
  train_time: 1.254216194152832
loss: 0.02795031055900621
