time_end: 1731299741.2769861
time_sampled: 1731299738.899146
