time_end: 1731301039.5463738
time_sampled: 1731301038.620212
