time_end: 1731557115.188411
time_sampled: 1731557103.792707
