info_dict:
  test_score: 0.6877321295925947
  train_time: 11.198545217514038
loss: -0.6877321295925947
