time_end: 1731300460.920251
time_sampled: 1731300458.992377
