time_end: 1731298717.73207
time_sampled: 1731298715.941155
