time_end: 1731292481.5929239
time_sampled: 1731292469.655274
