time_end: 1731299933.1340349
time_sampled: 1731299930.848147
