time_end: 1731300249.755657
time_sampled: 1731300247.235996
