time_end: 1731301386.5062678
time_sampled: 1731301380.386004
