time_end: 1731297458.336755
time_sampled: 1731297457.668032
