time_end: 1731298901.3055239
time_sampled: 1731298899.071017
