time_end: 1731291895.133877
time_sampled: 1731291893.8753011
