info_dict:
  test_score: 0.20408163265306123
  train_time: 1.2570419311523438
loss: -0.20408163265306123
