time_end: 1731557038.927273
time_sampled: 1731556994.617575
