info_dict:
  test_score: 0.4596880178275527
  train_time: 43.994715213775635
loss: -0.4596880178275527
