time_end: 1731299963.885634
time_sampled: 1731299961.719844
