time_end: 1731297656.0947552
time_sampled: 1731297654.4106739
