time_end: 1731292469.52755
time_sampled: 1731292466.003582
