time_end: 1731292667.7146869
time_sampled: 1731292666.4329522
