info_dict:
  test_score: 0.18181818181818182
  train_time: 1.279681921005249
loss: -0.18181818181818182
