time_end: 1731299632.048505
time_sampled: 1731299629.756038
