time_end: 1731301596.583766
time_sampled: 1731301594.964798
