time_end: 1731301076.548929
time_sampled: 1731301076.334135
