time_end: 1731292105.353326
time_sampled: 1731292102.8774312
