time_end: 1731300632.226673
time_sampled: 1731300622.82346
