time_end: 1731299264.351446
time_sampled: 1731299262.577603
