time_end: 1731300242.600378
time_sampled: 1731300240.9099252
