time_end: 1731298039.5457249
time_sampled: 1731298038.006263
