time_end: 1731298660.085036
time_sampled: 1731298657.762537
