time_end: 1731292282.182278
time_sampled: 1731292279.574396
