info_dict:
  test_score: 0.3261058109280139
  train_time: 2.606356143951416
loss: -0.3261058109280139
