time_end: 1731299837.316779
time_sampled: 1731299829.1648068
