time_end: 1731297599.381794
time_sampled: 1731297598.387234
