info_dict:
  test_score: 0.19999999999999996
  train_time: 0.7139787673950195
loss: -0.19999999999999996
