time_end: 1731301161.106035
time_sampled: 1731301160.752627
