time_end: 1731298466.27632
time_sampled: 1731298463.869479
