time_end: 1731299794.730772
time_sampled: 1731299793.423433
