time_end: 1731298500.2812421
time_sampled: 1731298492.691278
