time_end: 1731301667.314419
time_sampled: 1731301665.5194721
