time_end: 1731298373.983628
time_sampled: 1731298371.393357
