time_end: 1731299044.149277
time_sampled: 1731299035.048061
