time_end: 1731298561.52269
time_sampled: 1731298559.675711
