time_end: 1731555649.8293009
time_sampled: 1731555583.1241548
