info_dict:
  test_score: 0.666247642991829
  train_time: 66.5386130809784
loss: -0.666247642991829
