time_end: 1731297642.447111
time_sampled: 1731297640.899295
