info_dict:
  test_score: -0.30000000000000004
  train_time: 1.2151610851287842
loss: 0.30000000000000004
