time_end: 1731292029.2917602
time_sampled: 1731292022.189761
