time_end: 1731298432.161729
time_sampled: 1731298430.275337
