time_end: 1731300245.0524108
time_sampled: 1731300242.7313201
