time_end: 1731301244.4054358
time_sampled: 1731301242.629932
