time_end: 1731301500.137857
time_sampled: 1731301491.526407
