info_dict:
  test_score: -0.09006211180124224
  train_time: 7.878165006637573
loss: 0.09006211180124224
