time_end: 1731292102.873993
time_sampled: 1731292101.70461
