time_end: 1731299404.613336
time_sampled: 1731299402.400415
