time_end: 1731300617.13136
time_sampled: 1731300614.7585988
