time_end: 1731300238.140411
time_sampled: 1731300229.766973
