time_end: 1731297615.4494321
time_sampled: 1731297614.1634262
