time_end: 1731299297.4213161
time_sampled: 1731299296.01015
