time_end: 1731301332.8529122
time_sampled: 1731301330.8407638
