info_dict:
  test_score: 0.018633540372670843
  train_time: 1.3533241748809814
loss: -0.018633540372670843
