time_end: 1731299939.1315122
time_sampled: 1731299937.102294
