info_dict:
  test_score: 0.6666666666666667
  train_time: 1.2226223945617676
loss: -0.6666666666666667
