time_end: 1731300580.398769
time_sampled: 1731300578.29811
