time_end: 1731301330.716083
time_sampled: 1731301323.1078641
