time_end: 1731298441.8525922
time_sampled: 1731298439.9390552
