time_end: 1731556302.289515
time_sampled: 1731556290.7548292
