info_dict:
  test_score: 0.7217873264384892
  train_time: 11.379513025283813
loss: -0.7217873264384892
