time_end: 1731292122.173772
time_sampled: 1731292117.247021
