info_dict:
  test_score: 0.7981220657276995
  train_time: 4.924808979034424
loss: -0.7981220657276995
