time_end: 1731299350.4422379
time_sampled: 1731299348.795438
