time_end: 1731299363.297714
time_sampled: 1731299354.705011
