time_end: 1731292382.104486
time_sampled: 1731292371.175526
