info_dict:
  test_score: 0.8026490066225166
  train_time: 10.92697286605835
loss: -0.8026490066225166
