time_end: 1731298884.101652
time_sampled: 1731298881.154283
