time_end: 1731298476.276663
time_sampled: 1731298473.9971242
