time_end: 1731555152.856826
time_sampled: 1731555141.615516
