info_dict:
  test_score: 0.6639620593108965
  train_time: 11.148210048675537
loss: -0.6639620593108965
