time_end: 1731298634.554454
time_sampled: 1731298631.826078
