time_end: 1731301501.6855628
time_sampled: 1731301500.1414669
