time_end: 1731300373.505703
time_sampled: 1731300371.38673
