time_end: 1731300004.926682
time_sampled: 1731299997.26207
