time_end: 1731301534.236796
time_sampled: 1731301531.439639
