info_dict:
  test_score: -0.043478260869565216
  train_time: 1.5280609130859375
loss: 0.043478260869565216
