time_end: 1731310175.926155
time_sampled: 1731310103.0497348
