info_dict:
  test_score: 0.7303011256499629
  train_time: 72.67501378059387
loss: -0.7303011256499629
