time_end: 1731300683.989064
time_sampled: 1731300681.085919
