time_end: 1731291955.308464
time_sampled: 1731291954.2178261
