info_dict:
  test_score: 0.00975609756097561
  train_time: 1.0892658233642578
loss: -0.00975609756097561
