time_end: 1731291996.0250728
time_sampled: 1731291994.820757
