time_end: 1731297520.7067351
time_sampled: 1731297519.100798
