time_end: 1731301228.093659
time_sampled: 1731301227.132193
