time_end: 1731556649.785908
time_sampled: 1731556637.193012
