info_dict:
  test_score: 0.6421918747500143
  train_time: 12.390527963638306
loss: -0.6421918747500143
