time_end: 1731298157.297786
time_sampled: 1731298146.615216
