time_end: 1731312749.7908962
time_sampled: 1731312738.875987
