info_dict:
  test_score: 0.48054396891606194
  train_time: 10.623603820800781
loss: -0.48054396891606194
