time_end: 1731291960.939926
time_sampled: 1731291959.828789
