info_dict:
  test_score: 0.7476979742173112
  train_time: 1.109691858291626
loss: -0.7476979742173112
