time_end: 1731297605.386196
time_sampled: 1731297603.5072079
