info_dict:
  test_score: 0.19999999999999996
  train_time: 1.5819120407104492
loss: -0.19999999999999996
