time_end: 1731299886.2609081
time_sampled: 1731299884.559052
