time_end: 1731301236.9113338
time_sampled: 1731301235.915328
