time_end: 1731298598.405239
time_sampled: 1731298590.195084
