time_end: 1731292685.2884579
time_sampled: 1731292683.701592
