time_end: 1731298836.263627
time_sampled: 1731298827.548543
