time_end: 1731298295.342557
time_sampled: 1731298292.950433
