time_end: 1731299765.570652
time_sampled: 1731299764.28897
