time_end: 1731300224.813758
time_sampled: 1731300223.020096
