time_end: 1731292722.525913
time_sampled: 1731292719.912215
