info_dict:
  test_score: 0.993912562257886
  train_time: 2.6114768981933594
loss: -0.993912562257886
