time_end: 1731297720.742995
time_sampled: 1731297718.950024
