time_end: 1731298044.861131
time_sampled: 1731298043.266897
