time_end: 1731312018.282502
time_sampled: 1731311954.8272672
