info_dict:
  test_score: 0.7080166847608708
  train_time: 63.19913601875305
loss: -0.7080166847608708
