time_end: 1731297718.901877
time_sampled: 1731297717.139484
