time_end: 1731291980.469516
time_sampled: 1731291979.3569028
