time_end: 1731298339.1256151
time_sampled: 1731298331.224066
