time_end: 1731297456.3763452
time_sampled: 1731297455.010911
