time_end: 1731301531.2467241
time_sampled: 1731301529.151052
