time_end: 1731301510.9759748
time_sampled: 1731301508.580547
