time_end: 1731301119.241359
time_sampled: 1731301118.455648
