time_end: 1731298245.641925
time_sampled: 1731298238.20818
