time_end: 1731298941.772152
time_sampled: 1731298939.1216588
