time_end: 1731300025.888615
time_sampled: 1731300023.61901
