info_dict:
  test_score: -0.6666666666666666
  train_time: 1.3831870555877686
loss: 0.6666666666666666
