time_end: 1731300364.435338
time_sampled: 1731300362.583807
