time_end: 1731298125.12223
time_sampled: 1731298116.130103
