time_end: 1731299452.266176
time_sampled: 1731299449.843946
