info_dict:
  test_score: -0.13738368910782703
  train_time: 1.9546887874603271
loss: 0.13738368910782703
