time_end: 1731301179.419102
time_sampled: 1731301179.063082
