time_end: 1731301113.2277849
time_sampled: 1731301110.068866
