time_end: 1731299675.2307909
time_sampled: 1731299672.999084
