info_dict:
  test_score: 0.23535851122058027
  train_time: 1.581986665725708
loss: -0.23535851122058027
