time_end: 1731300071.922914
time_sampled: 1731300069.91782
