time_end: 1731300304.6198242
time_sampled: 1731300302.07294
