time_end: 1731301040.8305762
time_sampled: 1731301039.550549
