time_end: 1731557167.421739
time_sampled: 1731557156.214665
