info_dict:
  test_score: 0.6891606193931775
  train_time: 11.005251169204712
loss: -0.6891606193931775
