time_end: 1731298866.0628889
time_sampled: 1731298858.228023
