time_end: 1731299005.2955048
time_sampled: 1731299002.406837
