time_end: 1731292458.997061
time_sampled: 1731292452.4067972
