info_dict:
  test_score: 0.9886947584789312
  train_time: 6.588193655014038
loss: -0.9886947584789312
