time_end: 1731301408.5938509
time_sampled: 1731301399.8882089
