info_dict:
  test_score: 0.11180124223602483
  train_time: 8.004976034164429
loss: -0.11180124223602483
