time_end: 1731300059.6645172
time_sampled: 1731300058.167865
