time_end: 1731291989.543741
time_sampled: 1731291986.727221
