info_dict:
  test_score: 0.5744234800838575
  train_time: 2.814410924911499
loss: -0.5744234800838575
