time_end: 1731298912.114228
time_sampled: 1731298909.350816
