time_end: 1731299407.000902
time_sampled: 1731299404.745429
