time_end: 1731298585.06993
time_sampled: 1731298582.5335622
