time_end: 1731297696.387778
time_sampled: 1731297694.856399
