time_end: 1731311662.778013
time_sampled: 1731311583.023222
