info_dict:
  test_score: 0.7080166847608708
  train_time: 79.50840377807617
loss: -0.7080166847608708
