time_end: 1731299588.29696
time_sampled: 1731299583.32424
