time_end: 1731292126.107588
time_sampled: 1731292122.296842
