info_dict:
  test_score: 0.7981220657276995
  train_time: 3.808561086654663
loss: -0.7981220657276995
