time_end: 1731298025.1224372
time_sampled: 1731298022.905181
