time_end: 1731310667.82931
time_sampled: 1731310656.223074
