info_dict:
  test_score: 0.36677904119764587
  train_time: 11.380422830581665
loss: -0.36677904119764587
