time_end: 1731298637.5980392
time_sampled: 1731298634.693367
