time_end: 1731297728.4052072
time_sampled: 1731297726.4573991
