time_end: 1731301134.272608
time_sampled: 1731301132.581717
