time_end: 1731300867.3605871
time_sampled: 1731300864.0899231
