time_end: 1731299372.426063
time_sampled: 1731299366.21475
