time_end: 1731299884.425426
time_sampled: 1731299876.240293
