time_end: 1731297818.505116
time_sampled: 1731297816.431821
