time_end: 1731292174.912891
time_sampled: 1731292173.444598
