info_dict:
  test_score: 0.024390243902439025
  train_time: 1.466832160949707
loss: -0.024390243902439025
