time_end: 1731291907.048563
time_sampled: 1731291905.7719822
