info_dict:
  test_score: 0.20408163265306123
  train_time: 1.2745459079742432
loss: -0.20408163265306123
