time_end: 1731301745.583248
time_sampled: 1731301736.9637408
