time_end: 1731299651.674981
time_sampled: 1731299649.883789
