info_dict:
  test_score: -0.07443897099069519
  train_time: 1.2637779712677002
loss: 0.07443897099069519
