time_end: 1731297535.66354
time_sampled: 1731297528.9390662
