time_end: 1731300205.635961
time_sampled: 1731300203.82401
