time_end: 1731291908.452359
time_sampled: 1731291907.17244
