time_end: 1731300395.5921102
time_sampled: 1731300392.886967
