time_end: 1731291975.540344
time_sampled: 1731291974.439452
