info_dict:
  test_score: 0.7490774907749077
  train_time: 1.0989179611206055
loss: -0.7490774907749077
