time_end: 1731297704.809454
time_sampled: 1731297698.402911
