time_end: 1731298326.432121
time_sampled: 1731298318.658644
