time_end: 1731297762.284817
time_sampled: 1731297761.302741
