time_end: 1731300259.454779
time_sampled: 1731300252.169488
