time_end: 1731298906.722646
time_sampled: 1731298904.26959
