time_end: 1731301726.719574
time_sampled: 1731301720.5063748
