time_end: 1731299101.430836
time_sampled: 1731299099.28814
