time_end: 1731297639.976419
time_sampled: 1731297638.2441332
