time_end: 1731297694.7214808
time_sampled: 1731297693.652419
