time_end: 1731292173.441935
time_sampled: 1731292172.381523
