info_dict:
  test_score: 0.50814332247557
  train_time: 1.0589408874511719
loss: -0.50814332247557
