time_end: 1731297803.338502
time_sampled: 1731297801.332402
