time_end: 1731301592.713252
time_sampled: 1731301591.166813
