time_end: 1731301165.1313999
time_sampled: 1731301163.336662
