time_end: 1731298955.536052
time_sampled: 1731298953.406595
