time_end: 1731300302.0056498
time_sampled: 1731300294.201497
