time_end: 1731301120.907731
time_sampled: 1731301119.244411
