time_end: 1731299620.945091
time_sampled: 1731299619.5419168
