time_end: 1731301104.160342
time_sampled: 1731301101.386828
