time_end: 1731300652.641781
time_sampled: 1731300649.554341
