time_end: 1731556602.1376052
time_sampled: 1731556590.246681
