info_dict:
  test_score: 0.7214444888863494
  train_time: 11.721379280090332
loss: -0.7214444888863494
