time_end: 1731299612.7780008
time_sampled: 1731299610.454411
