time_end: 1731292246.678922
time_sampled: 1731292244.060661
