time_end: 1731301231.685065
time_sampled: 1731301229.185036
