time_end: 1731300783.4300008
time_sampled: 1731300774.528872
