time_end: 1731299382.6315148
time_sampled: 1731299380.7518451
