info_dict:
  test_score: 0.15873015873015872
  train_time: 1.627223014831543
loss: -0.15873015873015872
