time_end: 1731307369.663477
time_sampled: 1731307355.8090508
