info_dict:
  test_score: 0.44574595737386435
  train_time: 13.75649094581604
loss: -0.44574595737386435
