time_end: 1731301364.1664078
time_sampled: 1731301358.951466
