time_end: 1731291897.544051
time_sampled: 1731291896.134457
