time_end: 1731313157.831279
time_sampled: 1731313084.190669
