info_dict:
  test_score: 0.29478315524827153
  train_time: 73.30193901062012
loss: -0.29478315524827153
