time_end: 1731312726.606879
time_sampled: 1731312714.203111
