info_dict:
  test_score: 0.5155133992343295
  train_time: 12.096776008605957
loss: -0.5155133992343295
