time_end: 1731298010.328182
time_sampled: 1731298008.383536
