time_end: 1731312240.680784
time_sampled: 1731312146.799335
