info_dict:
  test_score: 0.7080166847608708
  train_time: 93.59199285507202
loss: -0.7080166847608708
