time_end: 1731298221.794534
time_sampled: 1731298209.9970188
