info_dict:
  test_score: -0.33333333333333337
  train_time: 10.831851959228516
loss: 0.33333333333333337
