time_end: 1731300341.497952
time_sampled: 1731300339.545378
