time_end: 1731312761.682685
time_sampled: 1731312749.793791
