info_dict:
  test_score: 0.453345523112965
  train_time: 11.60840916633606
loss: -0.453345523112965
