time_end: 1731292017.910323
time_sampled: 1731292010.026185
