info_dict:
  test_score: 0.5339966832504146
  train_time: 7.882590293884277
loss: -0.5339966832504146
