time_end: 1731555527.9888551
time_sampled: 1731555514.8362932
