info_dict:
  test_score: 0.6680189703445517
  train_time: 12.989840030670166
loss: -0.6680189703445517
