time_end: 1731300533.227186
time_sampled: 1731300530.974509
