time_end: 1731297899.644298
time_sampled: 1731297892.706079
