time_end: 1731299687.53667
time_sampled: 1731299685.1629162
