time_end: 1731292146.848683
time_sampled: 1731292141.8991082
