info_dict:
  test_score: 0.7981220657276995
  train_time: 4.94763708114624
loss: -0.7981220657276995
