time_end: 1731299814.8787332
time_sampled: 1731299807.058163
