time_end: 1731292071.0553842
time_sampled: 1731292069.37352
