info_dict:
  test_score: 0.7773167358229599
  train_time: 1.6798222064971924
loss: -0.7773167358229599
