time_end: 1731300099.017008
time_sampled: 1731300096.613991
