time_end: 1731292719.782676
time_sampled: 1731292717.202881
