time_end: 1731299446.485827
time_sampled: 1731299444.335864
