info_dict:
  test_score: 0.24302134646962226
  train_time: 1.7675929069519043
loss: -0.24302134646962226
