time_end: 1731292692.681579
time_sampled: 1731292691.099802
