time_end: 1731310248.021601
time_sampled: 1731310237.280951
