info_dict:
  test_score: 0.4591737614993429
  train_time: 10.544095993041992
loss: -0.4591737614993429
