time_end: 1731301412.174332
time_sampled: 1731301410.927901
