time_end: 1731300483.282548
time_sampled: 1731300480.447792
