time_end: 1731301226.063112
time_sampled: 1731301224.2175639
