time_end: 1731301695.627021
time_sampled: 1731301692.765265
