time_end: 1731310644.9433138
time_sampled: 1731310248.0247092
