info_dict:
  test_score: 0.7113879206902463
  train_time: 396.6670870780945
loss: -0.7113879206902463
