time_end: 1731297749.205867
time_sampled: 1731297747.466107
