time_end: 1731301636.5820951
time_sampled: 1731301634.096413
