time_end: 1731292254.0623071
time_sampled: 1731292251.1668422
