time_end: 1731298230.587092
time_sampled: 1731298221.977033
