time_end: 1731298681.35044
time_sampled: 1731298679.489632
