time_end: 1731299110.535278
time_sampled: 1731299101.5602822
