time_end: 1731298688.0593522
time_sampled: 1731298686.087744
