time_end: 1731301196.402317
time_sampled: 1731301194.727917
