time_end: 1731292821.999841
time_sampled: 1731292817.830126
