info_dict:
  test_score: 0.4629294755877034
  train_time: 4.167623996734619
loss: -0.4629294755877034
