time_end: 1731298056.8235898
time_sampled: 1731298054.6526961
