time_end: 1731298938.997833
time_sampled: 1731298929.96489
