time_end: 1731301220.267366
time_sampled: 1731301218.24224
