time_end: 1731298526.28237
time_sampled: 1731298524.199767
