time_end: 1731291904.2389581
time_sampled: 1731291902.939714
