time_end: 1731292711.643531
time_sampled: 1731292708.993887
