time_end: 1731292207.2505631
time_sampled: 1731292201.1872268
