info_dict:
  test_score: 0.7947368421052632
  train_time: 6.061227083206177
loss: -0.7947368421052632
