time_end: 1731297683.110811
time_sampled: 1731297677.0004969
