time_end: 1731291889.571682
time_sampled: 1731291888.5196328
