time_end: 1731299997.119776
time_sampled: 1731299989.9280992
