time_end: 1731557191.276368
time_sampled: 1731557179.1499882
