info_dict:
  test_score: 0.6888177818410377
  train_time: 11.891609907150269
loss: -0.6888177818410377
