time_end: 1731310878.244116
time_sampled: 1731310753.7352169
