info_dict:
  test_score: 0.5331695331695332
  train_time: 124.2815158367157
loss: -0.5331695331695332
