time_end: 1731301034.953405
time_sampled: 1731301032.5489159
