time_end: 1731556699.0937102
time_sampled: 1731556682.763895
