info_dict:
  test_score: 0.6909319467459002
  train_time: 16.143987894058228
loss: -0.6909319467459002
