time_end: 1731292095.439509
time_sampled: 1731292091.217727
