time_end: 1731292085.837824
time_sampled: 1731292084.10347
