info_dict:
  test_score: 0.7773167358229599
  train_time: 1.732475757598877
loss: -0.7773167358229599
