time_end: 1731299953.4596858
time_sampled: 1731299951.096787
