time_end: 1731292096.706843
time_sampled: 1731292095.4423969
