info_dict:
  test_score: 0.4423076923076923
  train_time: 1.26283597946167
loss: -0.4423076923076923
