time_end: 1731297724.457161
time_sampled: 1731297722.383242
