time_end: 1731299841.5286021
time_sampled: 1731299837.4520671
