time_end: 1731301255.130508
time_sampled: 1731301254.0127318
