time_end: 1731299978.737866
time_sampled: 1731299977.351629
