time_end: 1731299607.760651
time_sampled: 1731299605.5445828
