time_end: 1731298957.913932
time_sampled: 1731298955.665615
