time_end: 1731292171.206312
time_sampled: 1731292170.09972
