info_dict:
  test_score: 0.50814332247557
  train_time: 1.1050848960876465
loss: -0.50814332247557
