time_end: 1731300495.705659
time_sampled: 1731300493.0780768
