time_end: 1731298785.01471
time_sampled: 1731298782.3853838
