time_end: 1731299294.121671
time_sampled: 1731299292.471692
