info_dict:
  test_score: 0.01532567049808431
  train_time: 1.4801342487335205
loss: -0.01532567049808431
