time_end: 1731313922.8007889
time_sampled: 1731313826.488874
