info_dict:
  test_score: 0.29478315524827153
  train_time: 95.64533710479736
loss: -0.29478315524827153
