time_end: 1731298973.6039019
time_sampled: 1731298965.493181
