time_end: 1731299354.70159
time_sampled: 1731299353.01967
