info_dict:
  test_score: 0.11111111111111116
  train_time: 1.4570071697235107
loss: -0.11111111111111116
