time_end: 1731298685.965127
time_sampled: 1731298683.99514
