time_end: 1731300722.873942
time_sampled: 1731300720.3139079
