time_end: 1731300137.097601
time_sampled: 1731300134.644562
