info_dict:
  test_score: -0.3333333333333333
  train_time: 1.4606270790100098
loss: 0.3333333333333333
