time_end: 1731312843.469074
time_sampled: 1731312831.7487192
