info_dict:
  test_score: 0.5596823038683504
  train_time: 11.438135862350464
loss: -0.5596823038683504
