time_end: 1731301586.395595
time_sampled: 1731301584.159445
