info_dict:
  test_score: -0.08074534161490687
  train_time: 1.42946195602417
loss: 0.08074534161490687
