time_end: 1731292643.6947808
time_sampled: 1731292642.638533
