time_end: 1731301454.580829
time_sampled: 1731301453.118936
