time_end: 1731301186.6773918
time_sampled: 1731301185.10848
