time_end: 1731292792.902071
time_sampled: 1731292791.538878
