info_dict:
  test_score: 0.6106194690265486
  train_time: 1.361079216003418
loss: -0.6106194690265486
