time_end: 1731300069.794175
time_sampled: 1731300062.1372612
