time_end: 1731300474.765627
time_sampled: 1731300472.227197
