time_end: 1731292757.285376
time_sampled: 1731292754.684997
