info_dict:
  test_score: 0.8265107212475633
  train_time: 2.5982577800750732
loss: -0.8265107212475633
