time_end: 1731300878.406757
time_sampled: 1731300867.4955761
