time_end: 1731292156.684035
time_sampled: 1731292155.555073
