time_end: 1731300030.287555
time_sampled: 1731300028.140506
