time_end: 1731292660.862985
time_sampled: 1731292659.6780329
