time_end: 1731291986.597588
time_sampled: 1731291985.480052
