time_end: 1731297939.304242
time_sampled: 1731297937.398415
