time_end: 1731301308.013825
time_sampled: 1731301302.366027
