time_end: 1731291978.019373
time_sampled: 1731291976.888435
