info_dict:
  test_score: 0.5950920245398773
  train_time: 1.129122018814087
loss: -0.5950920245398773
