time_end: 1731299985.913739
time_sampled: 1731299978.872712
