time_end: 1731301681.343074
time_sampled: 1731301679.124437
