info_dict:
  test_score: 0.006211180124223614
  train_time: 1.3089509010314941
loss: -0.006211180124223614
