time_end: 1731298670.977925
time_sampled: 1731298668.427978
