time_end: 1731300366.597335
time_sampled: 1731300364.564578
