time_end: 1731301665.516482
time_sampled: 1731301663.126283
