info_dict:
  test_score: -0.05590062111801242
  train_time: 1.4455490112304688
loss: 0.05590062111801242
