time_end: 1731301109.929826
time_sampled: 1731301109.667605
