time_end: 1731292172.37871
time_sampled: 1731292171.209208
