info_dict:
  test_score: 0.50814332247557
  train_time: 1.168071985244751
loss: -0.50814332247557
