time_end: 1731291902.8177521
time_sampled: 1731291901.517021
