info_dict:
  test_score: 0.20408163265306123
  train_time: 1.2989091873168945
loss: -0.20408163265306123
