time_end: 1731312309.060873
time_sampled: 1731312240.83758
