info_dict:
  test_score: 0.7080166847608708
  train_time: 67.77501082420349
loss: -0.7080166847608708
