time_end: 1731298757.327788
time_sampled: 1731298748.728292
