time_end: 1731298896.45139
time_sampled: 1731298894.2962172
