time_end: 1731297798.895759
time_sampled: 1731297792.0708532
