time_end: 1731299353.016047
time_sampled: 1731299351.241374
