info_dict:
  test_score: 0.039408866995073955
  train_time: 1.5543549060821533
loss: -0.039408866995073955
