time_end: 1731299328.9792378
time_sampled: 1731299327.916511
