time_end: 1731555514.705643
time_sampled: 1731555502.814255
