info_dict:
  test_score: 0.6531626764184904
  train_time: 11.765338897705078
loss: -0.6531626764184904
