time_end: 1731299918.4606562
time_sampled: 1731299916.671656
