time_end: 1731556950.610749
time_sampled: 1731556939.045887
