info_dict:
  test_score: 0.7219587452145592
  train_time: 11.354575872421265
loss: -0.7219587452145592
