time_end: 1731299512.052889
time_sampled: 1731299507.127119
