info_dict:
  test_score: -0.15763546798029554
  train_time: 4.545516014099121
loss: 0.15763546798029554
