time_end: 1731299090.0749671
time_sampled: 1731299087.342525
