time_end: 1731307432.394968
time_sampled: 1731307369.728438
