info_dict:
  test_score: 0.44574595737386435
  train_time: 62.492295026779175
loss: -0.44574595737386435
