time_end: 1731301462.702878
time_sampled: 1731301454.7190342
