info_dict:
  test_score: -0.09316770186335399
  train_time: 7.29997992515564
loss: 0.09316770186335399
