time_end: 1731299926.653443
time_sampled: 1731299925.1432629
