time_end: 1731298790.0651278
time_sampled: 1731298787.246787
