time_end: 1731301735.1289752
time_sampled: 1731301733.253632
