time_end: 1731301536.5105941
time_sampled: 1731301534.372158
