info_dict:
  test_score: -0.11801242236024845
  train_time: 1.342829942703247
loss: 0.11801242236024845
