time_end: 1731297901.9591749
time_sampled: 1731297899.7954931
