time_end: 1731301344.567594
time_sampled: 1731301336.741146
