time_end: 1731298773.001247
time_sampled: 1731298765.069439
