time_end: 1731556994.6134982
time_sampled: 1731556982.2276568
