info_dict:
  test_score: 0.6423061539340609
  train_time: 12.200945854187012
loss: -0.6423061539340609
