time_end: 1731297596.564895
time_sampled: 1731297595.083782
