time_end: 1731301058.589319
time_sampled: 1731301057.705848
