time_end: 1731299409.739607
time_sampled: 1731299407.133641
