time_end: 1731292638.868885
time_sampled: 1731292637.769126
