time_end: 1731297614.026092
time_sampled: 1731297612.368195
