time_end: 1731299950.967482
time_sampled: 1731299948.547628
