time_end: 1731298310.8093262
time_sampled: 1731298302.874051
