time_end: 1731292746.37262
time_sampled: 1731292743.645757
