info_dict:
  test_score: 0.993912562257886
  train_time: 2.724388837814331
loss: -0.993912562257886
