time_end: 1731299578.900574
time_sampled: 1731299577.470171
