info_dict:
  test_score: 0.04214559386973182
  train_time: 0.9738831520080566
loss: -0.04214559386973182
