time_end: 1731300031.998335
time_sampled: 1731300030.408672
