time_end: 1731300015.761696
time_sampled: 1731300013.9560168
