time_end: 1731299685.041016
time_sampled: 1731299675.2346492
