info_dict:
  test_score: -0.08757525998905309
  train_time: 9.238525867462158
loss: 0.08757525998905309
