time_end: 1731300840.9823291
time_sampled: 1731300837.917757
