time_end: 1731299936.97664
time_sampled: 1731299934.76311
