time_end: 1731301170.219768
time_sampled: 1731301168.654376
