time_end: 1731291985.3530838
time_sampled: 1731291984.222908
