info_dict:
  test_score: 0.7476979742173112
  train_time: 1.1282989978790283
loss: -0.7476979742173112
