time_end: 1731555487.586352
time_sampled: 1731555473.2316859
