info_dict:
  test_score: 0.6632192446145935
  train_time: 14.187063217163086
loss: -0.6632192446145935
