time_end: 1731301584.1561081
time_sampled: 1731301582.666671
