info_dict:
  test_score: -0.043478260869565216
  train_time: 0.6934208869934082
loss: 0.043478260869565216
