time_end: 1731301716.22208
time_sampled: 1731301707.397758
