time_end: 1731292789.432895
time_sampled: 1731292787.63602
