info_dict:
  test_score: 0.8526829268292683
  train_time: 1.7943730354309082
loss: -0.8526829268292683
