time_end: 1731298944.129558
time_sampled: 1731298941.894668
