time_end: 1731301097.946629
time_sampled: 1731301097.717914
