time_end: 1731299639.455787
time_sampled: 1731299637.1321821
