time_end: 1731292655.577722
time_sampled: 1731292654.370242
