time_end: 1731299528.9262872
time_sampled: 1731299519.372003
