time_end: 1731292642.634729
time_sampled: 1731292640.01364
