time_end: 1731298746.3243709
time_sampled: 1731298743.599424
