time_end: 1731308260.129653
time_sampled: 1731308183.6458838
