info_dict:
  test_score: 0.7303011256499629
  train_time: 76.3492181301117
loss: -0.7303011256499629
