time_end: 1731298354.002456
time_sampled: 1731298345.455916
