time_end: 1731300348.7224882
time_sampled: 1731300346.240722
