time_end: 1731300899.449688
time_sampled: 1731300889.0212212
