time_end: 1731301472.120002
time_sampled: 1731301469.9355562
