time_end: 1731292658.2196522
time_sampled: 1731292657.0382972
