time_end: 1731298904.1457222
time_sampled: 1731298901.4282749
