time_end: 1731300702.135885
time_sampled: 1731300699.204138
