time_end: 1731301209.511771
time_sampled: 1731301207.793375
