time_end: 1731299662.0804648
time_sampled: 1731299660.1002429
