info_dict:
  test_score: -0.0629447181171319
  train_time: 1.432912826538086
loss: 0.0629447181171319
