time_end: 1731297517.251664
time_sampled: 1731297510.7934542
