info_dict:
  test_score: -0.19999999999999996
  train_time: 6.262531995773315
loss: 0.19999999999999996
