time_end: 1731299312.978421
time_sampled: 1731299310.4768798
