time_end: 1731297567.176157
time_sampled: 1731297565.3638132
