time_end: 1731298102.420604
time_sampled: 1731298100.248479
