info_dict:
  test_score: -0.6666666666666666
  train_time: 1.376265048980713
loss: 0.6666666666666666
