time_end: 1731292076.859673
time_sampled: 1731292075.1122198
