time_end: 1731292002.304511
time_sampled: 1731292001.093662
