time_end: 1731298808.495374
time_sampled: 1731298799.6754282
