time_end: 1731301143.264677
time_sampled: 1731301141.539744
