time_end: 1731300113.077709
time_sampled: 1731300105.259171
