time_end: 1731314014.778807
time_sampled: 1731313941.289065
