info_dict:
  test_score: 0.29478315524827153
  train_time: 72.92884302139282
loss: -0.29478315524827153
