time_end: 1731292315.607657
time_sampled: 1731292307.7073221
