info_dict:
  test_score: 0.8920780711825488
  train_time: 7.898228883743286
loss: -0.8920780711825488
