time_end: 1731297892.571309
time_sampled: 1731297885.637036
