time_end: 1731299989.7959418
time_sampled: 1731299987.703139
