time_end: 1731292152.143326
time_sampled: 1731292148.320808
