info_dict:
  test_score: 0.7981220657276995
  train_time: 3.8188490867614746
loss: -0.7981220657276995
