time_end: 1731301200.6136131
time_sampled: 1731301200.215861
