time_end: 1731556666.356328
time_sampled: 1731556649.9410381
