info_dict:
  test_score: 0.6950459973715788
  train_time: 16.229717016220093
loss: -0.6950459973715788
