time_end: 1731299772.793243
time_sampled: 1731299765.573986
