time_end: 1731301660.561266
time_sampled: 1731301658.917144
