time_end: 1731300757.1298199
time_sampled: 1731300747.566439
