time_end: 1731301189.642796
time_sampled: 1731301187.8268769
