time_end: 1731299649.7103732
time_sampled: 1731299646.711777
