time_end: 1731298649.868536
time_sampled: 1731298647.7342541
