time_end: 1731298799.543736
time_sampled: 1731298797.298329
