time_end: 1731299940.777407
time_sampled: 1731299939.254434
