info_dict:
  test_score: 0.33333333333333337
  train_time: 0.6933400630950928
loss: -0.33333333333333337
