time_end: 1731298709.1169212
time_sampled: 1731298706.4196942
