time_end: 1731297988.187558
time_sampled: 1731297981.692929
