time_end: 1731298810.925367
time_sampled: 1731298808.621836
