time_end: 1731556183.702455
time_sampled: 1731556171.352097
