info_dict:
  test_score: 0.6654476887035027
  train_time: 12.2016761302948
loss: -0.6654476887035027
