time_end: 1731300173.077676
time_sampled: 1731300171.17782
