time_end: 1731300041.597845
time_sampled: 1731300040.1068108
