info_dict:
  test_score: 0.7080166847608708
  train_time: 64.03686285018921
loss: -0.7080166847608708
