time_end: 1731300199.23238
time_sampled: 1731300190.9759822
