time_end: 1731299956.265434
time_sampled: 1731299953.590898
