time_end: 1731300411.923766
time_sampled: 1731300409.288199
