time_end: 1731301032.260867
time_sampled: 1731301029.746359
