time_end: 1731299822.3029969
time_sampled: 1731299815.018934
