info_dict:
  test_score: 0.6666666666666666
  train_time: 6.598296880722046
loss: -0.6666666666666666
