time_end: 1731299287.956928
time_sampled: 1731299281.122633
