time_end: 1731298715.812595
time_sampled: 1731298713.843806
