time_end: 1731292659.545438
time_sampled: 1731292658.346165
