time_end: 1731311447.9016168
time_sampled: 1731311386.3726442
