time_end: 1731297906.128033
time_sampled: 1731297904.199208
