time_end: 1731292155.410559
time_sampled: 1731292153.859664
