time_end: 1731292751.850335
time_sampled: 1731292749.300265
