time_end: 1731557091.894837
time_sampled: 1731557079.379052
