info_dict:
  test_score: 0.6518484658019542
  train_time: 12.1724112033844
loss: -0.6518484658019542
