time_end: 1731292817.691593
time_sampled: 1731292815.74114
