info_dict:
  test_score: 0.8526829268292683
  train_time: 1.9482192993164062
loss: -0.8526829268292683
