time_end: 1731292672.3771992
time_sampled: 1731292671.185726
