info_dict:
  test_score: 0.9593908629441624
  train_time: 1.1893250942230225
loss: -0.9593908629441624
