time_end: 1731299876.0984309
time_sampled: 1731299874.499867
