time_end: 1731556723.803597
time_sampled: 1731556711.0214279
