info_dict:
  test_score: 0.7198445803096966
  train_time: 12.595691919326782
loss: -0.7198445803096966
