time_end: 1731291935.4027562
time_sampled: 1731291929.529006
