info_dict:
  test_score: 0.9393939393939394
  train_time: 5.871827840805054
loss: -0.9393939393939394
