time_end: 1731300269.695272
time_sampled: 1731300267.5729868
