time_end: 1731309328.5208519
time_sampled: 1731309256.72119
