info_dict:
  test_score: 0.7303011256499629
  train_time: 71.6302421092987
loss: -0.7303011256499629
