time_end: 1731301065.003996
time_sampled: 1731301062.608914
