time_end: 1731299893.192232
time_sampled: 1731299886.402911
