time_end: 1731301247.509876
time_sampled: 1731301244.5306618
