time_end: 1731297945.311164
time_sampled: 1731297943.478734
