time_end: 1731301139.570196
time_sampled: 1731301137.958873
