time_end: 1731557407.125412
time_sampled: 1731557395.432118
