info_dict:
  test_score: 0.6889892006171076
  train_time: 11.467429161071777
loss: -0.6889892006171076
