time_end: 1731301049.596577
time_sampled: 1731301048.7316182
