time_end: 1731300350.707457
time_sampled: 1731300348.847069
