time_end: 1731301113.595551
time_sampled: 1731301113.3544278
