time_end: 1731297508.887043
time_sampled: 1731297502.200057
