time_end: 1731300888.869843
time_sampled: 1731300878.552639
