time_end: 1731298631.697881
time_sampled: 1731298628.7607071
