time_end: 1731299920.7905831
time_sampled: 1731299918.464149
