time_end: 1731313643.220742
time_sampled: 1731313336.8942468
