info_dict:
  test_score: 0.5437403576938461
  train_time: 305.8205780982971
loss: -0.5437403576938461
