time_end: 1731297645.049052
time_sampled: 1731297644.182679
