time_end: 1731298445.866347
time_sampled: 1731298443.8678012
