time_end: 1731556578.062979
time_sampled: 1731556566.209035
