info_dict:
  test_score: 0.7209302325581395
  train_time: 11.672046899795532
loss: -0.7209302325581395
