time_end: 1731301506.005815
time_sampled: 1731301503.760909
