info_dict:
  test_score: 0.1645962732919255
  train_time: 1.5314979553222656
loss: -0.1645962732919255
