time_end: 1731297935.532098
time_sampled: 1731297927.476041
