time_end: 1731301318.828861
time_sampled: 1731301310.212546
