time_end: 1731292436.4308228
time_sampled: 1731292435.093714
