time_end: 1731301160.629153
time_sampled: 1731301157.343523
