time_end: 1731298962.586807
time_sampled: 1731298960.368374
