time_end: 1731297528.791517
time_sampled: 1731297527.538055
