time_end: 1731301569.269875
time_sampled: 1731301567.7133791
