time_end: 1731301097.59634
time_sampled: 1731301096.069912
