time_end: 1731299925.1401799
time_sampled: 1731299923.048077
