time_end: 1731292634.542165
time_sampled: 1731292633.401946
