time_end: 1731299081.492485
time_sampled: 1731299079.280577
