time_end: 1731299855.156659
time_sampled: 1731299848.494835
