time_end: 1731292148.186094
time_sampled: 1731292146.984056
