info_dict:
  test_score: 0.3157894736842105
  train_time: 1.184297800064087
loss: -0.3157894736842105
