time_end: 1731298022.90184
time_sampled: 1731298021.381567
