time_end: 1731301132.463905
time_sampled: 1731301129.7354722
