time_end: 1731300747.412086
time_sampled: 1731300737.725138
