time_end: 1731298557.840087
time_sampled: 1731298550.209418
