time_end: 1731298574.407538
time_sampled: 1731298565.81445
