time_end: 1731297472.17309
time_sampled: 1731297470.872152
