time_end: 1731298965.489675
time_sampled: 1731298962.633075
