time_end: 1731298138.056343
time_sampled: 1731298135.64692
