time_end: 1731299697.862677
time_sampled: 1731299695.969528
