info_dict:
  test_score: -0.03995621237000546
  train_time: 1.3085319995880127
loss: 0.03995621237000546
