time_end: 1731297660.970121
time_sampled: 1731297659.075917
