time_end: 1731300791.981801
time_sampled: 1731300783.437726
