time_end: 1731300912.433613
time_sampled: 1731300902.967351
