time_end: 1731299605.42138
time_sampled: 1731299603.240087
