info_dict:
  test_score: -0.06896551724137934
  train_time: 1.7096939086914062
loss: 0.06896551724137934
