time_end: 1731298511.106039
time_sampled: 1731298503.005216
