time_end: 1731299344.842964
time_sampled: 1731299338.924774
