info_dict:
  test_score: -0.04761904761904767
  train_time: 5.695758104324341
loss: 0.04761904761904767
