time_end: 1731556401.3282619
time_sampled: 1731556352.1093252
