info_dict:
  test_score: 0.4552311296497343
  train_time: 49.048357248306274
loss: -0.4552311296497343
