time_end: 1731301234.562517
time_sampled: 1731301233.545474
