time_end: 1731307443.521815
time_sampled: 1731307432.400682
