info_dict:
  test_score: 0.44574595737386435
  train_time: 11.02996826171875
loss: -0.44574595737386435
