time_end: 1731301035.077327
time_sampled: 1731301034.957247
