time_end: 1731301229.06763
time_sampled: 1731301228.547363
