time_end: 1731298054.527701
time_sampled: 1731298046.841527
