time_end: 1731292003.566088
time_sampled: 1731292002.30799
