time_end: 1731298021.3784268
time_sampled: 1731298019.154806
