time_end: 1731300036.137998
time_sampled: 1731300034.087992
