info_dict:
  test_score: 0.33333333333333337
  train_time: 1.1550321578979492
loss: -0.33333333333333337
