time_end: 1731297590.1595142
time_sampled: 1731297589.169051
