time_end: 1731298302.8690822
time_sampled: 1731298295.345998
