time_end: 1731301389.853767
time_sampled: 1731301387.995239
