info_dict:
  test_score: 0.08695652173913049
  train_time: 1.250615119934082
loss: -0.08695652173913049
