time_end: 1731297838.591943
time_sampled: 1731297836.11698
