time_end: 1731297455.007314
time_sampled: 1731297449.035032
