time_end: 1731299641.7550101
time_sampled: 1731299639.587564
