time_end: 1731299460.319073
time_sampled: 1731299459.1460228
