info_dict:
  test_score: 0.10290093048713744
  train_time: 0.7486131191253662
loss: -0.10290093048713744
