time_end: 1731555118.168258
time_sampled: 1731555105.685139
