info_dict:
  test_score: 0.6311639334895149
  train_time: 12.391923904418945
loss: -0.6311639334895149
