time_end: 1731298628.6328151
time_sampled: 1731298620.10833
