time_end: 1731298292.9473531
time_sampled: 1731298291.110703
