time_end: 1731301267.474102
time_sampled: 1731301266.052573
