time_end: 1731299281.11879
time_sampled: 1731299279.5037272
