info_dict:
  test_score: -0.021346469622331665
  train_time: 1.482896089553833
loss: 0.021346469622331665
