time_end: 1731292231.845044
time_sampled: 1731292228.800456
