info_dict:
  test_score: 0.7947368421052632
  train_time: 3.042551040649414
loss: -0.7947368421052632
