time_end: 1731292291.0100448
time_sampled: 1731292288.558177
