time_end: 1731292739.585067
time_sampled: 1731292725.538352
