info_dict:
  test_score: 0.02391304347826087
  train_time: 14.044538021087646
loss: -0.02391304347826087
