time_end: 1731301163.21187
time_sampled: 1731301162.3351822
