time_end: 1731292441.8330991
time_sampled: 1731292440.4717171
