time_end: 1731555473.108234
time_sampled: 1731555461.3676941
