info_dict:
  test_score: 0.6637335009428033
  train_time: 11.615625858306885
loss: -0.6637335009428033
