time_end: 1731298642.769003
time_sampled: 1731298640.1023328
