time_end: 1731299592.361859
time_sampled: 1731299590.35774
