info_dict:
  test_score: 0.11056376573617954
  train_time: 1.5498020648956299
loss: -0.11056376573617954
