time_end: 1731292664.9255009
time_sampled: 1731292663.6755981
