time_end: 1731292662.2350972
time_sampled: 1731292660.9913971
