time_end: 1731300178.026026
time_sampled: 1731300175.742995
