time_end: 1731299366.21146
time_sampled: 1731299365.0928059
