info_dict:
  test_score: -0.14012041598248492
  train_time: 0.8779840469360352
loss: 0.14012041598248492
