time_end: 1731300158.853426
time_sampled: 1731300156.956296
