time_end: 1731297502.053282
time_sampled: 1731297495.771147
