time_end: 1731298433.8343139
time_sampled: 1731298432.16535
