time_end: 1731301194.6013398
time_sampled: 1731301190.788337
