time_end: 1731298238.061377
time_sampled: 1731298230.729784
