time_end: 1731297658.9531672
time_sampled: 1731297657.6842299
