time_end: 1731292259.867052
time_sampled: 1731292257.154735
