info_dict:
  test_score: 0.7947368421052632
  train_time: 2.710374116897583
loss: -0.7947368421052632
