time_end: 1731298168.843384
time_sampled: 1731298157.5714638
