time_end: 1731309502.546946
time_sampled: 1731309430.767644
