time_end: 1731291982.886285
time_sampled: 1731291981.820076
