info_dict:
  test_score: 0.7476979742173112
  train_time: 1.0642931461334229
loss: -0.7476979742173112
