time_end: 1731300156.826807
time_sampled: 1731300155.121001
