time_end: 1731298127.9533749
time_sampled: 1731298125.126136
