time_end: 1731301707.274854
time_sampled: 1731301704.87185
