info_dict:
  test_score: 0.04347826086956519
  train_time: 1.4597489833831787
loss: -0.04347826086956519
