time_end: 1731291944.237678
time_sampled: 1731291939.5570319
