info_dict:
  test_score: 0.8899835796387521
  train_time: 4.6785569190979
loss: -0.8899835796387521
