time_end: 1731292019.1730392
time_sampled: 1731292017.914154
