time_end: 1731297742.603621
time_sampled: 1731297738.439072
