info_dict:
  test_score: -0.19999999999999996
  train_time: 3.6778407096862793
loss: 0.19999999999999996
