time_end: 1731301092.202262
time_sampled: 1731301091.987068
