time_end: 1731301080.527402
time_sampled: 1731301076.554877
