time_end: 1731300184.648243
time_sampled: 1731300182.377742
