time_end: 1731300150.572611
time_sampled: 1731300148.006239
