info_dict:
  test_score: 0.33333333333333337
  train_time: 1.5112478733062744
loss: -0.33333333333333337
