time_end: 1731300619.744062
time_sampled: 1731300617.255702
