time_end: 1731301503.756899
time_sampled: 1731301501.688939
