info_dict:
  test_score: 0.015527950310559091
  train_time: 1.3595640659332275
loss: -0.015527950310559091
