time_end: 1731557142.093368
time_sampled: 1731557129.154284
