info_dict:
  test_score: 0.5403119821724472
  train_time: 12.62689995765686
loss: -0.5403119821724472
