time_end: 1731292228.672928
time_sampled: 1731292222.489467
