info_dict:
  test_score: 0.07643312101910828
  train_time: 6.181534051895142
loss: -0.07643312101910828
