time_end: 1731292776.115201
time_sampled: 1731292774.9098408
