time_end: 1731299695.842077
time_sampled: 1731299693.5230951
