time_end: 1731300455.9788969
time_sampled: 1731300453.983893
