time_end: 1731299017.2332852
time_sampled: 1731299008.321368
