time_end: 1731301127.753278
time_sampled: 1731301125.97559
