time_end: 1731292682.2469802
time_sampled: 1731292680.588211
