time_end: 1731300643.9548259
time_sampled: 1731300641.690552
