time_end: 1731292297.063168
time_sampled: 1731292294.554615
