info_dict:
  test_score: 0.3261058109280139
  train_time: 2.506547212600708
loss: -0.3261058109280139
