time_end: 1731298727.271847
time_sampled: 1731298725.255253
