time_end: 1731301118.452398
time_sampled: 1731301118.209729
