time_end: 1731555461.241183
time_sampled: 1731555449.592016
