info_dict:
  test_score: 0.6622478715501972
  train_time: 11.521104097366333
loss: -0.6622478715501972
