time_end: 1731299655.478503
time_sampled: 1731299653.111289
