time_end: 1731292100.643116
time_sampled: 1731292096.710196
