time_end: 1731292450.220638
time_sampled: 1731292448.706343
