info_dict:
  test_score: 0.0502092050209205
  train_time: 1.5128090381622314
loss: -0.0502092050209205
