time_end: 1731301571.936286
time_sampled: 1731301569.394868
