time_end: 1731299073.186222
time_sampled: 1731299070.236792
