time_end: 1731297885.496516
time_sampled: 1731297878.097462
