time_end: 1731292078.68977
time_sampled: 1731292076.987676
