info_dict:
  test_score: 0.7773167358229599
  train_time: 1.7000741958618164
loss: -0.7773167358229599
