time_end: 1731299067.0123122
time_sampled: 1731299064.377281
