time_end: 1731301410.807381
time_sampled: 1731301408.717797
