time_end: 1731297556.586081
time_sampled: 1731297554.444001
