time_end: 1731301171.963836
time_sampled: 1731301170.222604
