time_end: 1731301450.419734
time_sampled: 1731301448.5272121
