time_end: 1731291898.757709
time_sampled: 1731291897.6665332
