info_dict:
  test_score: 0.13145539906103287
  train_time: 1.0893371105194092
loss: -0.13145539906103287
