time_end: 1731292065.548002
time_sampled: 1731292063.686489
