info_dict:
  test_score: 0.7773167358229599
  train_time: 1.8596978187561035
loss: -0.7773167358229599
