time_end: 1731291999.854617
time_sampled: 1731291997.190145
