time_end: 1731298858.0909598
time_sampled: 1731298855.804718
