time_end: 1731298411.636506
time_sampled: 1731298409.315328
