time_end: 1731297662.858788
time_sampled: 1731297661.103298
