time_end: 1731298034.0062542
time_sampled: 1731298027.074614
