time_end: 1731310742.123722
time_sampled: 1731310680.33758
