info_dict:
  test_score: 0.7080166847608708
  train_time: 61.577847957611084
loss: -0.7080166847608708
