time_end: 1731298886.803794
time_sampled: 1731298884.104876
