time_end: 1731299494.754291
time_sampled: 1731299493.000612
