info_dict:
  test_score: 0.150519978106185
  train_time: 1.3948628902435303
loss: -0.150519978106185
