time_end: 1731300043.939208
time_sampled: 1731300041.721847
