time_end: 1731309187.884255
time_sampled: 1731309083.2646558
