info_dict:
  test_score: 0.7303011256499629
  train_time: 104.45871305465698
loss: -0.7303011256499629
