time_end: 1731297638.240882
time_sampled: 1731297632.113087
