time_end: 1731557289.189721
time_sampled: 1731557228.5661561
