info_dict:
  test_score: 0.4596880178275527
  train_time: 60.34538912773132
loss: -0.4596880178275527
