time_end: 1731298762.2000058
time_sampled: 1731298759.501947
