time_end: 1731292679.165617
time_sampled: 1731292677.906334
