time_end: 1731298610.784721
time_sampled: 1731298607.6915798
