time_end: 1731298391.067925
time_sampled: 1731298388.523715
