info_dict:
  test_score: -0.6666666666666666
  train_time: 1.358004093170166
loss: 0.6666666666666666
