time_end: 1731301587.979511
time_sampled: 1731301586.3987079
