time_end: 1731301631.252231
time_sampled: 1731301624.211444
