info_dict:
  test_score: -0.09316770186335399
  train_time: 6.176505088806152
loss: 0.09316770186335399
