time_end: 1731301554.142179
time_sampled: 1731301551.620151
