info_dict:
  test_score: 0.13043478260869568
  train_time: 1.6692111492156982
loss: -0.13043478260869568
