time_end: 1731300490.047998
time_sampled: 1731300487.970736
