time_end: 1731301491.522932
time_sampled: 1731301483.049896
