time_end: 1731292439.062878
time_sampled: 1731292437.743904
