time_end: 1731299693.398688
time_sampled: 1731299691.142085
