info_dict:
  test_score: 0.18500273672687462
  train_time: 1.6600539684295654
loss: -0.18500273672687462
