time_end: 1731557341.4848719
time_sampled: 1731557329.272156
