info_dict:
  test_score: 0.6860750814239186
  train_time: 11.99381685256958
loss: -0.6860750814239186
