time_end: 1731298579.6327622
time_sampled: 1731298576.926076
