time_end: 1731301391.762547
time_sampled: 1731301389.857501
