info_dict:
  test_score: -0.015527950310559008
  train_time: 1.2895190715789795
loss: 0.015527950310559008
