time_end: 1731556471.194031
time_sampled: 1731556459.407201
