info_dict:
  test_score: 0.7226444203188389
  train_time: 11.622859001159668
loss: -0.7226444203188389
