time_end: 1731292443.080245
time_sampled: 1731292441.836834
