time_end: 1731299566.047959
time_sampled: 1731299564.008075
