info_dict:
  test_score: 0.15270935960591137
  train_time: 1.6024799346923828
loss: -0.15270935960591137
