time_end: 1731298399.3140118
time_sampled: 1731298391.20134
