time_end: 1731298542.643147
time_sampled: 1731298534.489144
