time_end: 1731299539.4438689
time_sampled: 1731299534.893451
