time_end: 1731300453.8598468
time_sampled: 1731300445.719239
