time_end: 1731301221.565612
time_sampled: 1731301220.6904619
