time_end: 1731297644.1792881
time_sampled: 1731297642.450273
