time_end: 1731556710.863722
time_sampled: 1731556699.2511091
