info_dict:
  test_score: 0.720644534598023
  train_time: 11.42862606048584
loss: -0.720644534598023
