time_end: 1731298779.827241
time_sampled: 1731298777.140286
