time_end: 1731310189.891739
time_sampled: 1731310178.480992
