info_dict:
  test_score: 0.47580138277812695
  train_time: 11.215090036392212
loss: -0.47580138277812695
