time_end: 1731301355.449009
time_sampled: 1731301353.26108
