info_dict:
  test_score: 0.05900621118012428
  train_time: 1.6097068786621094
loss: -0.05900621118012428
