time_end: 1731299987.576905
time_sampled: 1731299986.043233
