time_end: 1731300472.0340831
time_sampled: 1731300469.575933
