time_end: 1731292791.405795
time_sampled: 1731292789.565005
