info_dict:
  test_score: 0.8526829268292683
  train_time: 1.8385460376739502
loss: -0.8526829268292683
