time_end: 1731299519.245722
time_sampled: 1731299517.108308
