time_end: 1731301481.493033
time_sampled: 1731301473.4774752
