time_end: 1731298036.070749
time_sampled: 1731298034.009591
