info_dict:
  test_score: -0.3333333333333333
  train_time: 1.3051788806915283
loss: 0.3333333333333333
