time_end: 1731291953.057569
time_sampled: 1731291949.5868318
