info_dict:
  test_score: 0.9397590361445783
  train_time: 3.4688141345977783
loss: -0.9397590361445783
