time_end: 1731298283.4281878
time_sampled: 1731298275.539259
