time_end: 1731301334.420108
time_sampled: 1731301332.978613
