info_dict:
  test_score: -0.037267080745341685
  train_time: 0.8752882480621338
loss: 0.037267080745341685
