time_end: 1731298064.205855
time_sampled: 1731298062.2870631
