time_end: 1731300520.850831
time_sampled: 1731300518.013502
