time_end: 1731297691.622167
time_sampled: 1731297690.4349911
