info_dict:
  test_score: 0.19999999999999996
  train_time: 0.8129358291625977
loss: -0.19999999999999996
