time_end: 1731297904.196096
time_sampled: 1731297902.0426729
