time_end: 1731291912.7928991
time_sampled: 1731291911.4927921
