info_dict:
  test_score: 0.7261904761904762
  train_time: 1.0955612659454346
loss: -0.7261904761904762
