time_end: 1731300141.0767722
time_sampled: 1731300139.376899
