time_end: 1731292708.864671
time_sampled: 1731292706.212574
