info_dict:
  test_score: 0.993912562257886
  train_time: 2.6500229835510254
loss: -0.993912562257886
