time_end: 1731299478.868774
time_sampled: 1731299477.1446688
