time_end: 1731299315.049742
time_sampled: 1731299313.1254652
