time_end: 1731301733.12853
time_sampled: 1731301730.9482298
