time_end: 1731301647.254814
time_sampled: 1731301644.595202
