time_end: 1731292779.004918
time_sampled: 1731292777.486113
