time_end: 1731292022.0707781
time_sampled: 1731292019.176435
