time_end: 1731292214.478487
time_sampled: 1731292210.297481
