info_dict:
  test_score: 0.7947368421052632
  train_time: 4.179026126861572
loss: -0.7947368421052632
