time_end: 1731297527.4008489
time_sampled: 1731297520.835499
