time_end: 1731300686.82713
time_sampled: 1731300684.1128151
