time_end: 1731300707.83394
time_sampled: 1731300704.9366012
