time_end: 1731300439.1614442
time_sampled: 1731300437.17987
