time_end: 1731557434.981652
time_sampled: 1731557420.185449
