info_dict:
  test_score: 0.690360550825667
  train_time: 14.55420994758606
loss: -0.690360550825667
