time_end: 1731299440.42303
time_sampled: 1731299437.622527
