info_dict:
  test_score: 0.021346469622331693
  train_time: 2.3827619552612305
loss: -0.021346469622331693
