time_end: 1731292194.097553
time_sampled: 1731292190.686469
