time_end: 1731298450.237616
time_sampled: 1731298447.958383
