time_end: 1731299600.780279
time_sampled: 1731299592.366299
