info_dict:
  test_score: -0.06568144499178985
  train_time: 7.803418874740601
loss: 0.06568144499178985
