time_end: 1731300717.044611
time_sampled: 1731300707.965163
