time_end: 1731301358.9040792
time_sampled: 1731301357.6645849
