time_end: 1731297937.273342
time_sampled: 1731297935.6559281
