info_dict:
  test_score: -0.6666666666666666
  train_time: 0.9224681854248047
loss: 0.6666666666666666
