time_end: 1731556554.078707
time_sampled: 1731556542.431286
