info_dict:
  test_score: 0.7208730929661162
  train_time: 11.460906982421875
loss: -0.7208730929661162
