time_end: 1731299075.9715111
time_sampled: 1731299073.321005
