time_end: 1731298725.123745
time_sampled: 1731298722.5983841
