time_end: 1731299672.995096
time_sampled: 1731299670.688399
