time_end: 1731297651.696862
time_sampled: 1731297645.052342
