time_end: 1731310212.327135
time_sampled: 1731310200.6207948
