time_end: 1731300346.118686
time_sampled: 1731300344.130283
