time_end: 1731556637.0501409
time_sampled: 1731556625.594777
