info_dict:
  test_score: 0.7228729786869321
  train_time: 11.278503179550171
loss: -0.7228729786869321
