time_end: 1731300288.949555
time_sampled: 1731300280.851851
