time_end: 1731300086.18475
time_sampled: 1731300078.435473
