time_end: 1731298565.6899772
time_sampled: 1731298563.4938529
