time_end: 1731300578.168016
time_sampled: 1731300569.042488
