time_end: 1731300384.367532
time_sampled: 1731300382.34494
