time_end: 1731291956.359387
time_sampled: 1731291955.311838
