time_end: 1731291974.3144572
time_sampled: 1731291973.1358259
