info_dict:
  test_score: 0.7476979742173112
  train_time: 1.176548957824707
loss: -0.7476979742173112
