time_end: 1731298657.759478
time_sampled: 1731298655.150764
