time_end: 1731300130.765934
time_sampled: 1731300128.7006772
