time_end: 1731297592.844368
time_sampled: 1731297591.236747
