time_end: 1731301045.88941
time_sampled: 1731301045.706126
