time_end: 1731292650.407358
time_sampled: 1731292643.697984
