info_dict:
  test_score: 0.14479638009049775
  train_time: 6.707870006561279
loss: -0.14479638009049775
