time_end: 1731292294.431564
time_sampled: 1731292291.1371331
