time_end: 1731299506.9968462
time_sampled: 1731299498.003952
