info_dict:
  test_score: 0.015873015873015872
  train_time: 8.614637851715088
loss: -0.015873015873015872
