time_end: 1731301300.16375
time_sampled: 1731301298.216958
