info_dict:
  test_score: 0.27639751552795033
  train_time: 1.4212398529052734
loss: -0.27639751552795033
