time_end: 1731300670.3257658
time_sampled: 1731300661.441508
