time_end: 1731300734.533052
time_sampled: 1731300732.274265
