time_end: 1731299738.765589
time_sampled: 1731299736.789933
