time_end: 1731299316.611182
time_sampled: 1731299315.175764
