info_dict:
  test_score: 0.09469074986316373
  train_time: 1.2511110305786133
loss: -0.09469074986316373
