time_end: 1731292813.494638
time_sampled: 1731292811.5425842
