info_dict:
  test_score: 0.8526829268292683
  train_time: 1.949958086013794
loss: -0.8526829268292683
