time_end: 1731556340.0845282
time_sampled: 1731556302.292941
