info_dict:
  test_score: 0.47928689789154905
  train_time: 37.634490966796875
loss: -0.47928689789154905
