time_end: 1731557475.127209
time_sampled: 1731557462.604784
