info_dict:
  test_score: 0.6872178732643849
  train_time: 12.279727220535278
loss: -0.6872178732643849
