time_end: 1731298447.832876
time_sampled: 1731298445.999337
