time_end: 1731299099.158852
time_sampled: 1731299090.2048619
