time_end: 1731299646.564517
time_sampled: 1731299644.727544
