info_dict:
  test_score: 0.013136288998358059
  train_time: 1.2233951091766357
loss: -0.013136288998358059
