time_end: 1731292047.954031
time_sampled: 1731292045.703755
