info_dict:
  test_score: 0.7363494539781591
  train_time: 2.2484841346740723
loss: -0.7363494539781591
