time_end: 1731301322.984297
time_sampled: 1731301321.098451
