info_dict:
  test_score: -0.15217391304347827
  train_time: 1.3367359638214111
loss: 0.15217391304347827
