time_end: 1731299743.9484532
time_sampled: 1731299741.412432
