time_end: 1731301089.28356
time_sampled: 1731301087.797338
