time_end: 1731297693.519506
time_sampled: 1731297691.751572
