time_end: 1731314123.237685
time_sampled: 1731314111.841053
