info_dict:
  test_score: 0.5599108622364436
  train_time: 11.072162866592407
loss: -0.5599108622364436
