time_end: 1731298027.071438
time_sampled: 1731298025.125477
