time_end: 1731298341.223691
time_sampled: 1731298339.248978
