time_end: 1731300312.5238678
time_sampled: 1731300304.6245189
