time_end: 1731301118.206781
time_sampled: 1731301116.9811242
