time_end: 1731301542.48193
time_sampled: 1731301540.959476
