info_dict:
  test_score: -0.024844720496894346
  train_time: 0.7649550437927246
loss: 0.024844720496894346
