time_end: 1731292349.898349
time_sampled: 1731292339.464564
