info_dict:
  test_score: 0.8920780711825488
  train_time: 10.43174695968628
loss: -0.8920780711825488
