time_end: 1731299710.750716
time_sampled: 1731299709.1761222
