time_end: 1731291883.937866
time_sampled: 1731291882.106951
