info_dict:
  test_score: 0.08333333333333333
  train_time: 1.8279547691345215
loss: -0.08333333333333333
