time_end: 1731310753.6024802
time_sampled: 1731310742.256447
