info_dict:
  test_score: 0.47323010113707786
  train_time: 11.138029098510742
loss: -0.47323010113707786
