time_end: 1731301624.082169
time_sampled: 1731301621.62562
