time_end: 1731300477.569895
time_sampled: 1731300474.89235
