time_end: 1731291909.917411
time_sampled: 1731291908.576331
