time_end: 1731300614.623103
time_sampled: 1731300606.248492
