time_end: 1731309882.7234519
time_sampled: 1731309809.785357
