info_dict:
  test_score: 0.7303011256499629
  train_time: 72.74894881248474
loss: -0.7303011256499629
