time_end: 1731292371.043039
time_sampled: 1731292358.231848
