info_dict:
  test_score: 0.8920780711825488
  train_time: 12.80911898612976
loss: -0.8920780711825488
