time_end: 1731299400.097007
time_sampled: 1731299398.0182981
