time_end: 1731300316.375957
time_sampled: 1731300314.247699
