time_end: 1731298439.812098
time_sampled: 1731298437.899192
