time_end: 1731300272.343615
time_sampled: 1731300269.826707
