time_end: 1731298894.292474
time_sampled: 1731298891.448134
