time_end: 1731301107.5742762
time_sampled: 1731301104.285627
