time_end: 1731301378.1410198
time_sampled: 1731301376.248412
