info_dict:
  test_score: -0.10248447204968944
  train_time: 1.2913649082183838
loss: 0.10248447204968944
