time_end: 1731301248.097196
time_sampled: 1731301247.634372
