time_end: 1731300168.8491352
time_sampled: 1731300167.183891
