time_end: 1731297612.2409742
time_sampled: 1731297605.522379
