time_end: 1731555141.612361
time_sampled: 1731555129.9643881
