info_dict:
  test_score: 0.6363636363636364
  train_time: 11.55639123916626
loss: -0.6363636363636364
