time_end: 1731292073.042437
time_sampled: 1731292071.180558
