time_end: 1731301051.4821901
time_sampled: 1731301051.336024
