time_end: 1731301296.066009
time_sampled: 1731301294.239043
