info_dict:
  test_score: -0.012422360248447228
  train_time: 1.311095952987671
loss: 0.012422360248447228
