time_end: 1731297864.028762
time_sampled: 1731297862.376571
