time_end: 1731301190.6646981
time_sampled: 1731301190.2722418
