time_end: 1731300006.412744
time_sampled: 1731300004.9744132
