time_end: 1731301302.244481
time_sampled: 1731301300.288743
