info_dict:
  test_score: 0.03105590062111796
  train_time: 1.4241321086883545
loss: -0.03105590062111796
