time_end: 1731301129.579207
time_sampled: 1731301129.310434
