time_end: 1731301036.260607
time_sampled: 1731301035.080676
