time_end: 1731300247.10956
time_sampled: 1731300245.177299
