time_end: 1731298463.735784
time_sampled: 1731298456.263208
