time_end: 1731297764.225549
time_sampled: 1731297762.420116
