time_end: 1731300319.018763
time_sampled: 1731300316.379633
