time_end: 1731291962.054542
time_sampled: 1731291960.943241
