info_dict:
  test_score: 0.7406015037593985
  train_time: 1.1098110675811768
loss: -0.7406015037593985
