time_end: 1731555310.5710988
time_sampled: 1731555263.149745
