info_dict:
  test_score: 0.4485457973830067
  train_time: 47.314457178115845
loss: -0.4485457973830067
