time_end: 1731301567.5847921
time_sampled: 1731301565.8009012
