info_dict:
  test_score: 0.08695652173913049
  train_time: 1.0127489566802979
loss: -0.08695652173913049
