time_end: 1731298559.672117
time_sampled: 1731298557.843568
