time_end: 1731557203.898549
time_sampled: 1731557191.4249542
