info_dict:
  test_score: 0.6895034569453174
  train_time: 12.272699117660522
loss: -0.6895034569453174
