time_end: 1731298947.2165408
time_sampled: 1731298944.2572958
