time_end: 1731297747.340746
time_sampled: 1731297745.6093671
