time_end: 1731292773.624298
time_sampled: 1731292772.319457
