info_dict:
  test_score: 0.7958950969213227
  train_time: 1.3033618927001953
loss: -0.7958950969213227
