time_end: 1731292183.029516
time_sampled: 1731292181.601307
