info_dict:
  test_score: 0.50814332247557
  train_time: 1.4265398979187012
loss: -0.50814332247557
