time_end: 1731308886.2791748
time_sampled: 1731308741.539726
