info_dict:
  test_score: 0.6091651905605394
  train_time: 144.49734592437744
loss: -0.6091651905605394
