time_end: 1731299547.1553931
time_sampled: 1731299543.528405
