time_end: 1731301483.046357
time_sampled: 1731301481.496366
