info_dict:
  test_score: 0.0496894409937888
  train_time: 0.8490490913391113
loss: -0.0496894409937888
