time_end: 1731298261.704075
time_sampled: 1731298253.5932522
