time_end: 1731297653.319361
time_sampled: 1731297651.700346
