time_end: 1731301143.692234
time_sampled: 1731301143.395201
