time_end: 1731292765.917382
time_sampled: 1731292763.0533829
