info_dict:
  test_score: 0.993912562257886
  train_time: 2.862028121948242
loss: -0.993912562257886
