time_end: 1731301266.0493948
time_sampled: 1731301264.89913
