time_end: 1731297866.12511
time_sampled: 1731297864.158937
