time_end: 1731292780.302426
time_sampled: 1731292779.0080671
