info_dict:
  test_score: 0.009111617312072893
  train_time: 1.292957067489624
loss: -0.009111617312072893
