time_end: 1731299310.344896
time_sampled: 1731299302.80499
