time_end: 1731292769.965515
time_sampled: 1731292768.6630762
