time_end: 1731313722.511874
time_sampled: 1731313643.3685079
