info_dict:
  test_score: 0.29478315524827153
  train_time: 78.81490588188171
loss: -0.29478315524827153
