time_end: 1731299803.795883
time_sampled: 1731299802.237781
