time_end: 1731300658.490247
time_sampled: 1731300655.557371
