time_end: 1731301141.409652
time_sampled: 1731301139.691614
