time_end: 1731298331.100995
time_sampled: 1731298328.978454
