info_dict:
  test_score: -0.3333333333333333
  train_time: 1.1409292221069336
loss: 0.3333333333333333
