time_end: 1731298690.835448
time_sampled: 1731298688.181565
