time_end: 1731301591.1633768
time_sampled: 1731301589.517144
