time_end: 1731299975.577696
time_sampled: 1731299974.045456
