time_end: 1731300737.585024
time_sampled: 1731300734.662938
