time_end: 1731301508.462121
time_sampled: 1731301506.123826
