time_end: 1731300186.48756
time_sampled: 1731300184.651455
