time_end: 1731300487.8339012
time_sampled: 1731300485.613682
