time_end: 1731298264.0684211
time_sampled: 1731298261.843358
