time_end: 1731301512.90672
time_sampled: 1731301511.095281
