info_dict:
  test_score: -0.024844720496894346
  train_time: 1.0852820873260498
loss: 0.024844720496894346
