time_end: 1731292190.552354
time_sampled: 1731292186.709964
