time_end: 1731292091.214829
time_sampled: 1731292090.195491
