time_end: 1731308182.704913
time_sampled: 1731308170.597804
