info_dict:
  test_score: 0.5019713159248043
  train_time: 11.99149203300476
loss: -0.5019713159248043
