time_end: 1731300661.4369879
time_sampled: 1731300658.494356
