time_end: 1731301157.218536
time_sampled: 1731301154.643664
