time_end: 1731291965.4608681
time_sampled: 1731291963.1328719
