info_dict:
  test_score: 0.5744234800838575
  train_time: 2.3265559673309326
loss: -0.5744234800838575
