time_end: 1731298797.1681018
time_sampled: 1731298794.451295
