time_end: 1731298722.470419
time_sampled: 1731298719.835496
