time_end: 1731291939.428837
time_sampled: 1731291935.530485
