info_dict:
  test_score: 0.3989769820971867
  train_time: 3.8963887691497803
loss: -0.3989769820971867
