time_end: 1731299302.677196
time_sampled: 1731299301.3579829
