info_dict:
  test_score: 0.15325670498084287
  train_time: 1.1480989456176758
loss: -0.15325670498084287
