time_end: 1731301639.119374
time_sampled: 1731301636.7089212
