time_end: 1731292620.021631
time_sampled: 1731292608.041003
