info_dict:
  test_score: 0.9886947584789312
  train_time: 11.977771043777466
loss: -0.9886947584789312
