time_end: 1731292680.5268748
time_sampled: 1731292679.300413
