time_end: 1731292061.671437
time_sampled: 1731292059.460869
