time_end: 1731301582.663597
time_sampled: 1731301581.072629
