time_end: 1731298926.807057
time_sampled: 1731298923.9194582
