time_end: 1731299079.148203
time_sampled: 1731299076.103667
