time_end: 1731300801.343054
time_sampled: 1731300791.9851708
