time_end: 1731555542.4009159
time_sampled: 1731555528.140618
