info_dict:
  test_score: 0.6445917376149934
  train_time: 14.13226318359375
loss: -0.6445917376149934
