time_end: 1731299034.924074
time_sampled: 1731299025.957407
