time_end: 1731297717.001508
time_sampled: 1731297710.150027
