time_end: 1731297824.2115772
time_sampled: 1731297822.3983202
