time_end: 1731301271.140821
time_sampled: 1731301269.312491
