info_dict:
  test_score: -0.04968944099378886
  train_time: 1.3371238708496094
loss: 0.04968944099378886
