time_end: 1731299482.639285
time_sampled: 1731299480.85434
