info_dict:
  test_score: 0.09469074986316373
  train_time: 1.4344279766082764
loss: -0.09469074986316373
