time_end: 1731301072.482692
time_sampled: 1731301071.441431
