time_end: 1731300485.4866402
time_sampled: 1731300483.4088771
