time_end: 1731299262.57449
time_sampled: 1731299261.582876
