info_dict:
  test_score: -0.34373289545703334
  train_time: 0.8894929885864258
loss: 0.34373289545703334
