time_end: 1731301540.832981
time_sampled: 1731301538.838871
