time_end: 1731309256.553857
time_sampled: 1731309188.040801
