info_dict:
  test_score: 0.7303011256499629
  train_time: 68.31594276428223
loss: -0.7303011256499629
