time_end: 1731301061.380213
time_sampled: 1731301060.4822268
