time_end: 1731311521.303319
time_sampled: 1731311448.043875
