info_dict:
  test_score: 0.7080166847608708
  train_time: 73.02652597427368
loss: -0.7080166847608708
