time_end: 1731297773.381902
time_sampled: 1731297771.490467
