time_end: 1731300772.2992141
time_sampled: 1731300769.592884
