time_end: 1731297849.0327911
time_sampled: 1731297841.050184
