time_end: 1731292299.6716008
time_sampled: 1731292297.186286
