info_dict:
  test_score: 0.3261058109280139
  train_time: 2.4834039211273193
loss: -0.3261058109280139
