time_end: 1731556459.400666
time_sampled: 1731556401.3340821
