info_dict:
  test_score: 0.6532198160105137
  train_time: 57.847967863082886
loss: -0.6532198160105137
