time_end: 1731299392.1151638
time_sampled: 1731299382.75476
