time_end: 1731300229.643022
time_sampled: 1731300227.5069199
