info_dict:
  test_score: 0.33333333333333337
  train_time: 1.0461008548736572
loss: -0.33333333333333337
