time_end: 1731300280.723538
time_sampled: 1731300272.471225
