time_end: 1731555502.683975
time_sampled: 1731555487.716106
