info_dict:
  test_score: 0.6592194731729616
  train_time: 14.841047763824463
loss: -0.6592194731729616
