time_end: 1731297640.896119
time_sampled: 1731297639.9798899
