time_end: 1731298113.050477
time_sampled: 1731298111.0401332
