time_end: 1731299002.4030988
time_sampled: 1731298993.260842
