time_end: 1731312086.4638588
time_sampled: 1731312018.429185
