info_dict:
  test_score: 0.7080166847608708
  train_time: 67.73478126525879
loss: -0.7080166847608708
