time_end: 1731297710.016742
time_sampled: 1731297708.194742
