time_end: 1731300518.010186
time_sampled: 1731300515.414282
