time_end: 1731301353.111726
time_sampled: 1731301344.693792
