time_end: 1731300344.008034
time_sampled: 1731300341.620695
