time_end: 1731297974.6518989
time_sampled: 1731297967.0118558
