time_end: 1731297927.472716
time_sampled: 1731297925.762483
