time_end: 1731291886.501725
time_sampled: 1731291884.00484
