time_end: 1731297801.280874
time_sampled: 1731297799.024093
