time_end: 1731300053.102567
time_sampled: 1731300045.750033
