time_end: 1731301217.666902
time_sampled: 1731301214.043145
