time_end: 1731292170.0967739
time_sampled: 1731292168.710551
