time_end: 1731298275.5358279
time_sampled: 1731298273.94508
