time_end: 1731300418.9026291
time_sampled: 1731300416.9327328
