time_end: 1731292759.998585
time_sampled: 1731292757.421799
