info_dict:
  test_score: 0.993912562257886
  train_time: 2.5746660232543945
loss: -0.993912562257886
