time_end: 1731291966.57389
time_sampled: 1731291965.4643662
