info_dict:
  test_score: 0.7476979742173112
  train_time: 1.108039140701294
loss: -0.7476979742173112
