time_end: 1731300804.57655
time_sampled: 1731300801.347635
