time_end: 1731298116.126467
time_sampled: 1731298113.053984
