info_dict:
  test_score: -0.6666666666666666
  train_time: 2.0270159244537354
loss: 0.6666666666666666
