time_end: 1731299670.6849039
time_sampled: 1731299666.8471591
