time_end: 1731555363.957265
time_sampled: 1731555310.576117
