info_dict:
  test_score: 0.4485457973830067
  train_time: 53.26561999320984
loss: -0.4485457973830067
