time_end: 1731301397.4692202
time_sampled: 1731301395.2595289
