info_dict:
  test_score: 0.14596273291925466
  train_time: 1.551335096359253
loss: -0.14596273291925466
