time_end: 1731297851.1117172
time_sampled: 1731297849.162735
