time_end: 1731292163.0606751
time_sampled: 1731292158.307345
