info_dict:
  test_score: 0.7981220657276995
  train_time: 4.75117301940918
loss: -0.7981220657276995
