time_end: 1731292557.7765539
time_sampled: 1731292548.855734
