info_dict:
  test_score: 0.9326086956521739
  train_time: 8.918684005737305
loss: -0.9326086956521739
