time_end: 1731301290.933996
time_sampled: 1731301283.591562
