time_end: 1731301602.341734
time_sampled: 1731301600.1657028
