time_end: 1731299431.922985
time_sampled: 1731299430.832917
