time_end: 1731298109.1118011
time_sampled: 1731298106.5820029
