time_end: 1731292633.348918
time_sampled: 1731292620.163198
