info_dict:
  test_score: 0.9886947584789312
  train_time: 13.183544874191284
loss: -0.9886947584789312
