time_end: 1731292782.090137
time_sampled: 1731292780.305912
