time_end: 1731301067.3006809
time_sampled: 1731301065.204662
