time_end: 1731301090.1614661
time_sampled: 1731301089.403639
