time_end: 1731292488.734804
time_sampled: 1731292481.7176461
