info_dict:
  test_score: 0.9886947584789312
  train_time: 7.015079021453857
loss: -0.9886947584789312
