time_end: 1731292452.285501
time_sampled: 1731292450.224278
