info_dict:
  test_score: 0.0437375745526839
  train_time: 2.0596678256988525
loss: -0.0437375745526839
