time_end: 1731300416.9296992
time_sampled: 1731300414.756864
