time_end: 1731298748.725193
time_sampled: 1731298746.328275
