time_end: 1731298975.6833851
time_sampled: 1731298973.606884
