time_end: 1731298092.138747
time_sampled: 1731298090.3734798
