time_end: 1731297708.0607271
time_sampled: 1731297706.235636
