time_end: 1731298655.147601
time_sampled: 1731298652.451194
