time_end: 1731292175.9650402
time_sampled: 1731292174.916723
