info_dict:
  test_score: 0.50814332247557
  train_time: 1.046525001525879
loss: -0.50814332247557
