time_end: 1731557369.684663
time_sampled: 1731557355.7600799
