info_dict:
  test_score: 0.6895034569453174
  train_time: 13.700527906417847
loss: -0.6895034569453174
