time_end: 1731308741.3889668
time_sampled: 1731308661.653772
