info_dict:
  test_score: 0.7303011256499629
  train_time: 79.60089921951294
loss: -0.7303011256499629
