time_end: 1731298409.3121989
time_sampled: 1731298407.591178
