time_end: 1731292686.865628
time_sampled: 1731292685.2915158
