time_end: 1731301423.508178
time_sampled: 1731301414.375765
