time_end: 1731556171.189145
time_sampled: 1731555898.092376
