info_dict:
  test_score: 0.6428204102622708
  train_time: 272.83513498306274
loss: -0.6428204102622708
