time_end: 1731298787.1227021
time_sampled: 1731298785.138253
