time_end: 1731298090.244153
time_sampled: 1731298088.1032598
