time_end: 1731297752.64787
time_sampled: 1731297750.769654
