time_end: 1731292652.912833
time_sampled: 1731292651.656542
