info_dict:
  test_score: 0.314410480349345
  train_time: 1.2543222904205322
loss: -0.314410480349345
