time_end: 1731556290.750968
time_sampled: 1731556279.375094
