info_dict:
  test_score: 0.6917319010342267
  train_time: 11.210458040237427
loss: -0.6917319010342267
