time_end: 1731292274.342763
time_sampled: 1731292272.909545
