time_end: 1731300767.161102
time_sampled: 1731300757.282816
