time_end: 1731301051.759954
time_sampled: 1731301051.609503
