time_end: 1731292045.580448
time_sampled: 1731292039.9509509
