info_dict:
  test_score: 0.5339966832504146
  train_time: 5.627501964569092
loss: -0.5339966832504146
