time_end: 1731298407.542541
time_sampled: 1731298399.449536
