time_end: 1731298253.3658729
time_sampled: 1731298245.7807019
