time_end: 1731300807.1148758
time_sampled: 1731300804.580161
