time_end: 1731300696.01937
time_sampled: 1731300686.953372
