time_end: 1731292566.902605
time_sampled: 1731292557.9220831
