info_dict:
  test_score: 0.9781931464174455
  train_time: 8.978392124176025
loss: -0.9781931464174455
