time_end: 1731291958.78302
time_sampled: 1731291956.362735
