info_dict:
  test_score: 0.5617021276595745
  train_time: 2.418869972229004
loss: -0.5617021276595745
