time_end: 1731297575.034184
time_sampled: 1731297568.343286
