time_end: 1731314111.688779
time_sampled: 1731314014.949273
