info_dict:
  test_score: 0.4623164390606251
  train_time: 96.25046420097351
loss: -0.4623164390606251
