time_end: 1731298419.920628
time_sampled: 1731298411.6397939
