time_end: 1731292777.482599
time_sampled: 1731292776.118502
