info_dict:
  test_score: 0.13524590163934427
  train_time: 1.36238694190979
loss: -0.13524590163934427
