time_end: 1731299615.17983
time_sampled: 1731299612.912462
