info_dict:
  test_score: 0.08045977011494254
  train_time: 1.7405591011047363
loss: -0.08045977011494254
