time_end: 1731311386.229561
time_sampled: 1731311300.585719
