info_dict:
  test_score: 0.7080166847608708
  train_time: 85.41905093193054
loss: -0.7080166847608708
