time_end: 1731298960.237851
time_sampled: 1731298958.044717
