time_end: 1731300105.255841
time_sampled: 1731300103.118586
