time_end: 1731299477.141118
time_sampled: 1731299468.247118
