time_end: 1731292694.237833
time_sampled: 1731292692.68572
