time_end: 1731298645.017855
time_sampled: 1731298642.899331
