time_end: 1731291929.401619
time_sampled: 1731291923.790616
