info_dict:
  test_score: 0.9333333333333333
  train_time: 5.60896897315979
loss: -0.9333333333333333
