time_end: 1731313941.1074612
time_sampled: 1731313922.9793978
