info_dict:
  test_score: 0.530598251528484
  train_time: 17.471877098083496
loss: -0.530598251528484
