time_end: 1731312855.342109
time_sampled: 1731312843.6001668
