info_dict:
  test_score: 0.5569967430432546
  train_time: 11.453391790390015
loss: -0.5569967430432546
