time_end: 1731301551.499875
time_sampled: 1731301542.613019
