time_end: 1731301061.677918
time_sampled: 1731301061.508391
