time_end: 1731299496.669964
time_sampled: 1731299494.878867
