info_dict:
  test_score: 0.018609742747673783
  train_time: 1.4352948665618896
loss: -0.018609742747673783
