time_end: 1731292671.0549078
time_sampled: 1731292667.850423
