info_dict:
  test_score: 0.14479638009049775
  train_time: 3.202446699142456
loss: -0.14479638009049775
