time_end: 1731299548.4723682
time_sampled: 1731299547.286787
