time_end: 1731300646.708931
time_sampled: 1731300643.957987
