time_end: 1731301676.8402188
time_sampled: 1731301674.890662
