time_end: 1731301257.596211
time_sampled: 1731301255.859595
