time_end: 1731297469.01172
time_sampled: 1731297468.1484318
