time_end: 1731301099.4937348
time_sampled: 1731301098.0698612
