time_end: 1731301057.302637
time_sampled: 1731301053.684449
