time_end: 1731299653.108356
time_sampled: 1731299651.720978
