time_end: 1731292056.9295208
time_sampled: 1731292050.422579
