info_dict:
  test_score: 0.5281090289608177
  train_time: 6.504773855209351
loss: -0.5281090289608177
