time_end: 1731292607.906566
time_sampled: 1731292599.029428
