info_dict:
  test_score: 0.9886947584789312
  train_time: 8.87504267692566
loss: -0.9886947584789312
