time_end: 1731297439.0653281
time_sampled: 1731297433.025418
