time_end: 1731299422.022037
time_sampled: 1731299420.975669
