time_end: 1731297862.2431061
time_sampled: 1731297860.7885911
