time_end: 1731556625.446029
time_sampled: 1731556614.313021
