info_dict:
  test_score: 0.7181875321410205
  train_time: 10.920708894729614
loss: -0.7181875321410205
