time_end: 1731301686.140875
time_sampled: 1731301683.7575219
