info_dict:
  test_score: -0.009316770186335366
  train_time: 1.456691026687622
loss: 0.009316770186335366
