time_end: 1731298318.654903
time_sampled: 1731298310.812932
