time_end: 1731301621.492884
time_sampled: 1731301618.891277
