time_end: 1731300188.4920828
time_sampled: 1731300186.490732
