time_end: 1731292083.974818
time_sampled: 1731292078.8173409
