time_end: 1731301116.944648
time_sampled: 1731301113.722116
