time_end: 1731301380.382632
time_sampled: 1731301378.145746
