time_end: 1731292754.547421
time_sampled: 1731292751.984298
