time_end: 1731312738.871546
time_sampled: 1731312726.610467
