info_dict:
  test_score: 0.5358550939946288
  train_time: 11.968225002288818
loss: -0.5358550939946288
