time_end: 1731300863.943659
time_sampled: 1731300852.455379
