time_end: 1731297598.2562401
time_sampled: 1731297596.698953
