time_end: 1731297579.5448189
time_sampled: 1731297578.532938
