time_end: 1731300339.541873
time_sampled: 1731300337.597624
