time_end: 1731556938.8767319
time_sampled: 1731556735.571243
