info_dict:
  test_score: 0.6022512999257186
  train_time: 202.97709202766418
loss: -0.6022512999257186
