time_end: 1731299789.807329
time_sampled: 1731299781.565826
