time_end: 1731300585.869142
time_sampled: 1731300583.523768
