time_end: 1731298019.15188
time_sampled: 1731298017.7727191
