time_end: 1731297868.058975
time_sampled: 1731297866.255177
