time_end: 1731292675.00826
time_sampled: 1731292673.843848
