time_end: 1731299637.003093
time_sampled: 1731299634.577871
