time_end: 1731301443.251368
time_sampled: 1731301441.725318
