info_dict:
  test_score: 0.04347826086956519
  train_time: 0.8045129776000977
loss: -0.04347826086956519
