time_end: 1731298978.5374851
time_sampled: 1731298975.687142
