time_end: 1731298891.444787
time_sampled: 1731298889.543277
