time_end: 1731292651.53231
time_sampled: 1731292650.410593
