info_dict:
  test_score: 0.05154639175257732
  train_time: 1.1202280521392822
loss: -0.05154639175257732
