time_end: 1731292636.715326
time_sampled: 1731292635.728608
