time_end: 1731291969.3191009
time_sampled: 1731291968.180065
