info_dict:
  test_score: 0.7476979742173112
  train_time: 1.1370508670806885
loss: -0.7476979742173112
