time_end: 1731300010.071748
time_sampled: 1731300007.9424682
