info_dict:
  test_score: 0.6666666666666667
  train_time: 1.2696309089660645
loss: -0.6666666666666667
