time_end: 1731291976.7640908
time_sampled: 1731291975.666207
