info_dict:
  test_score: 0.0944206008583691
  train_time: 1.0956239700317383
loss: -0.0944206008583691
