time_end: 1731299260.609983
time_sampled: 1731299259.029525
