info_dict:
  test_score: 0.18226600985221675
  train_time: 1.4843730926513672
loss: -0.18226600985221675
