time_end: 1731292039.8156831
time_sampled: 1731292034.4005592
