info_dict:
  test_score: 0.5339966832504146
  train_time: 5.413109064102173
loss: -0.5339966832504146
