time_end: 1731300924.6627579
time_sampled: 1731300921.9307442
