time_end: 1731292106.503139
time_sampled: 1731292105.3565838
