info_dict:
  test_score: 0.5029239766081871
  train_time: 1.1451289653778076
loss: -0.5029239766081871
