time_end: 1731297510.6518312
time_sampled: 1731297509.024265
