time_end: 1731297591.104918
time_sampled: 1731297590.290255
