time_end: 1731297755.43919
time_sampled: 1731297754.062542
