time_end: 1731300720.1867268
time_sampled: 1731300717.1717892
