time_end: 1731557079.374333
time_sampled: 1731557038.932571
