info_dict:
  test_score: 0.47488714930575393
  train_time: 40.25208592414856
loss: -0.47488714930575393
