time_end: 1731297444.820435
time_sampled: 1731297439.144052
