time_end: 1731297480.146657
time_sampled: 1731297473.973184
