time_end: 1731301445.82981
time_sampled: 1731301443.387902
