info_dict:
  test_score: 0.04347826086956519
  train_time: 1.6307501792907715
loss: -0.04347826086956519
