time_end: 1731301432.144768
time_sampled: 1731301423.635978
