time_end: 1731301137.8364239
time_sampled: 1731301136.242835
