time_end: 1731297583.026968
time_sampled: 1731297581.350631
