time_end: 1731297487.155724
time_sampled: 1731297480.272852
