info_dict:
  test_score: -0.19999999999999996
  train_time: 6.710977077484131
loss: 0.19999999999999996
