time_end: 1731300469.4474082
time_sampled: 1731300466.6483479
