time_end: 1731301399.76652
time_sampled: 1731301397.5929532
