info_dict:
  test_score: 0.05900621118012428
  train_time: 1.5571184158325195
loss: -0.05900621118012428
