time_end: 1731292799.183558
time_sampled: 1731292796.932364
