info_dict:
  test_score: 0.7399347116430903
  train_time: 2.2490081787109375
loss: -0.7399347116430903
