time_end: 1731300240.785145
time_sampled: 1731300238.277494
