time_end: 1731299583.3209448
time_sampled: 1731299581.311271
