time_end: 1731298186.451819
time_sampled: 1731298176.0709062
