time_end: 1731301658.858874
time_sampled: 1731301649.17891
