time_end: 1731298824.9028108
time_sampled: 1731298816.037659
