time_end: 1731556352.104797
time_sampled: 1731556340.0893672
