info_dict:
  test_score: 0.6421918747500143
  train_time: 11.852781772613525
loss: -0.6421918747500143
