time_end: 1731557215.290117
time_sampled: 1731557204.0455282
