info_dict:
  test_score: 0.6863036397920119
  train_time: 11.048031091690063
loss: -0.6863036397920119
