time_end: 1731298468.810792
time_sampled: 1731298466.405919
