time_end: 1731298876.175626
time_sampled: 1731298874.181779
