time_end: 1731299414.2779899
time_sampled: 1731299409.867584
