info_dict:
  test_score: 0.015873015873015872
  train_time: 4.126199722290039
loss: -0.015873015873015872
