time_end: 1731299829.041544
time_sampled: 1731299822.432173
