time_end: 1731301145.333295
time_sampled: 1731301143.818043
