time_end: 1731298619.980711
time_sampled: 1731298610.915922
