time_end: 1731299914.6419132
time_sampled: 1731299907.152995
