time_end: 1731300119.8569548
time_sampled: 1731300117.873078
