time_end: 1731298062.1552901
time_sampled: 1731298060.675817
