time_end: 1731297468.008063
time_sampled: 1731297466.67537
