info_dict:
  test_score: 0.19999999999999996
  train_time: 1.175431728363037
loss: -0.19999999999999996
