time_end: 1731298683.868227
time_sampled: 1731298681.353767
