time_end: 1731301320.976675
time_sampled: 1731301318.956815
