info_dict:
  test_score: -0.0714285714285714
  train_time: 1.4634511470794678
loss: 0.0714285714285714
