time_end: 1731298815.910246
time_sampled: 1731298813.1904929
