time_end: 1731292706.087206
time_sampled: 1731292703.318825
