info_dict:
  test_score: 0.993912562257886
  train_time: 2.766296863555908
loss: -0.993912562257886
