time_end: 1731292541.4351602
time_sampled: 1731292534.251775
