info_dict:
  test_score: 0.9886947584789312
  train_time: 7.181031942367554
loss: -0.9886947584789312
