time_end: 1731292771.176648
time_sampled: 1731292769.968874
