time_end: 1731301076.329522
time_sampled: 1731301072.485494
