time_end: 1731297706.1036181
time_sampled: 1731297704.946754
