time_end: 1731300622.692827
time_sampled: 1731300619.876595
