time_end: 1731292787.505708
time_sampled: 1731292785.7173529
