info_dict:
  test_score: 0.8526829268292683
  train_time: 1.7861711978912354
loss: -0.8526829268292683
