time_end: 1731297963.101901
time_sampled: 1731297955.361175
