time_end: 1731292772.316281
time_sampled: 1731292771.1793149
