time_end: 1731299480.850701
time_sampled: 1731299478.8725471
