time_end: 1731299327.7862709
time_sampled: 1731299325.9931588
