time_end: 1731301589.513804
time_sampled: 1731301587.982667
