time_end: 1731299759.984569
time_sampled: 1731299751.8080509
