time_end: 1731301357.532146
time_sampled: 1731301355.5791628
