time_end: 1731301233.427422
time_sampled: 1731301231.804469
