time_end: 1731300774.525311
time_sampled: 1731300772.302331
