time_end: 1731298111.035437
time_sampled: 1731298109.17077
