time_end: 1731297565.3607051
time_sampled: 1731297556.5891368
