time_end: 1731301565.674859
time_sampled: 1731301556.5867488
