info_dict:
  test_score: -0.10869565217391303
  train_time: 8.31066107749939
loss: 0.10869565217391303
