time_end: 1731313009.913902
time_sampled: 1731312927.909369
