info_dict:
  test_score: 0.29478315524827153
  train_time: 81.63100600242615
loss: -0.29478315524827153
