time_end: 1731300145.732949
time_sampled: 1731300143.715971
