time_end: 1731299805.619484
time_sampled: 1731299803.91937
