time_end: 1731298827.417794
time_sampled: 1731298825.033133
