time_end: 1731299930.844414
time_sampled: 1731299928.831577
