time_end: 1731300930.3265111
time_sampled: 1731300924.7941241
