time_end: 1731557462.454056
time_sampled: 1731557447.974931
