info_dict:
  test_score: 0.6873321524484315
  train_time: 14.161254167556763
loss: -0.6873321524484315
