time_end: 1731301720.380457
time_sampled: 1731301718.840636
