time_end: 1731299866.1623611
time_sampled: 1731299859.628109
