time_end: 1731300480.318527
time_sampled: 1731300477.699199
