time_end: 1731292526.6996632
time_sampled: 1731292517.121057
