info_dict:
  test_score: 0.9886947584789312
  train_time: 9.576361894607544
loss: -0.9886947584789312
