time_end: 1731301048.597551
time_sampled: 1731301046.89855
