time_end: 1731298100.113426
time_sampled: 1731298092.267452
