time_end: 1731292179.043904
time_sampled: 1731292175.967676
