info_dict:
  test_score: 0.7947368421052632
  train_time: 3.074655294418335
loss: -0.7947368421052632
