time_end: 1731299622.928352
time_sampled: 1731299621.0728698
