info_dict:
  test_score: -0.05582922824302128
  train_time: 1.3334200382232666
loss: 0.05582922824302128
