time_end: 1731298135.642548
time_sampled: 1731298133.352087
