time_end: 1731299751.665684
time_sampled: 1731299744.083274
