info_dict:
  test_score: -0.16748768472906406
  train_time: 6.924911260604858
loss: 0.16748768472906406
