time_end: 1731300441.2673972
time_sampled: 1731300439.164892
