time_end: 1731301607.1845708
time_sampled: 1731301604.987179
