time_end: 1731298484.496647
time_sampled: 1731298476.404634
