time_end: 1731301273.423836
time_sampled: 1731301271.144417
