time_end: 1731555776.034549
time_sampled: 1731555713.674981
