info_dict:
  test_score: 0.6417918976058511
  train_time: 62.22642183303833
loss: -0.6417918976058511
