time_end: 1731298371.263296
time_sampled: 1731298369.227287
