time_end: 1731299087.21391
time_sampled: 1731299084.478357
