time_end: 1731301281.8213131
time_sampled: 1731301280.615587
