time_end: 1731300203.82056
time_sampled: 1731300201.776594
