info_dict:
  test_score: -0.3333333333333333
  train_time: 0.8674211502075195
loss: 0.3333333333333333
