time_end: 1731301228.543554
time_sampled: 1731301228.096946
