time_end: 1731297551.0786219
time_sampled: 1731297543.234835
