time_end: 1731301060.357706
time_sampled: 1731301058.714729
