time_end: 1731299965.764077
time_sampled: 1731299964.017193
