time_end: 1731292794.7694132
time_sampled: 1731292793.035647
