time_end: 1731313826.3384829
time_sampled: 1731313722.660109
