info_dict:
  test_score: 0.5577395577395577
  train_time: 103.18902206420898
loss: -0.5577395577395577
