time_end: 1731299634.4348989
time_sampled: 1731299632.178676
