info_dict:
  test_score: -0.013683634373289566
  train_time: 1.7421209812164307
loss: 0.013683634373289566
