time_end: 1731297470.741656
time_sampled: 1731297469.1384451
