time_end: 1731297623.7150028
time_sampled: 1731297622.110207
