time_end: 1731299052.663317
time_sampled: 1731299044.273313
