time_end: 1731297995.858582
time_sampled: 1731297988.316212
