time_end: 1731300553.5378728
time_sampled: 1731300550.819535
