time_end: 1731301150.879415
time_sampled: 1731301149.217141
