time_end: 1731300437.1765828
time_sampled: 1731300434.5409338
