time_end: 1731301604.866996
time_sampled: 1731301602.460099
