time_end: 1731298898.947985
time_sampled: 1731298896.573921
