time_end: 1731301469.932159
time_sampled: 1731301467.698606
