info_dict:
  test_score: 0.04037267080745341
  train_time: 1.517655849456787
loss: -0.04037267080745341
