time_end: 1731299292.351246
time_sampled: 1731299290.541137
