info_dict:
  test_score: 0.19813902572523268
  train_time: 1.657707929611206
loss: -0.19813902572523268
