time_end: 1731292010.022828
time_sampled: 1731292003.569371
