time_end: 1731301182.7020879
time_sampled: 1731301181.094833
