time_end: 1731291970.532846
time_sampled: 1731291969.440347
