info_dict:
  test_score: 0.7476979742173112
  train_time: 1.090507984161377
loss: -0.7476979742173112
