time_end: 1731301242.508996
time_sampled: 1731301240.7762089
