time_end: 1731292796.796882
time_sampled: 1731292794.9068868
