time_end: 1731299279.5002172
time_sampled: 1731299273.214701
