time_end: 1731298369.0956202
time_sampled: 1731298367.4911418
