time_end: 1731308962.224022
time_sampled: 1731308886.437241
