info_dict:
  test_score: 0.7303011256499629
  train_time: 75.64564800262451
loss: -0.7303011256499629
