time_end: 1731292396.706717
time_sampled: 1731292382.236934
