info_dict:
  test_score: 0.8920780711825488
  train_time: 14.467740774154663
loss: -0.8920780711825488
