time_end: 1731292307.5818722
time_sampled: 1731292305.06322
