time_end: 1731291890.562722
time_sampled: 1731291889.574561
