time_end: 1731298706.293133
time_sampled: 1731298703.7392142
