time_end: 1731292448.702904
time_sampled: 1731292445.910534
