time_end: 1731300182.374899
time_sampled: 1731300180.564538
