time_end: 1731301730.814483
time_sampled: 1731301729.23741
