time_end: 1731556614.1649501
time_sampled: 1731556602.276572
