info_dict:
  test_score: 0.7168733215244844
  train_time: 11.675947904586792
loss: -0.7168733215244844
