time_end: 1731299603.110456
time_sampled: 1731299600.918846
