info_dict:
  test_score: -0.013683634373289566
  train_time: 1.565657138824463
loss: 0.013683634373289566
