time_end: 1731298759.498424
time_sampled: 1731298757.331087
