time_end: 1731299559.5348759
time_sampled: 1731299548.6088572
