info_dict:
  test_score: 0.1434044882320744
  train_time: 10.493720054626465
loss: -0.1434044882320744
