time_end: 1731297698.2722182
time_sampled: 1731297696.517257
