time_end: 1731311582.875413
time_sampled: 1731311521.451901
