info_dict:
  test_score: 0.7080166847608708
  train_time: 61.178790807724
loss: -0.7080166847608708
