time_end: 1731301253.885519
time_sampled: 1731301251.950942
