time_end: 1731556266.2991061
time_sampled: 1731556253.2422762
