info_dict:
  test_score: 0.6421918747500143
  train_time: 12.893654823303223
loss: -0.6421918747500143
