time_end: 1731299610.3217669
time_sampled: 1731299607.8871381
