info_dict:
  test_score: 0.17898193760262726
  train_time: 1.7989590167999268
loss: -0.17898193760262726
