time_end: 1731298692.792309
time_sampled: 1731298690.961056
