time_end: 1731299907.025513
time_sampled: 1731299900.357652
