time_end: 1731301581.0201302
time_sampled: 1731301572.067667
