info_dict:
  test_score: -0.009316770186335421
  train_time: 8.140475749969482
loss: 0.009316770186335421
