time_end: 1731301616.328624
time_sampled: 1731301614.053926
