time_end: 1731298987.310082
time_sampled: 1731298978.5411808
