time_end: 1731298473.792166
time_sampled: 1731298471.4762921
