time_end: 1731292828.475088
time_sampled: 1731292826.111647
