info_dict:
  test_score: 0.7514450867052023
  train_time: 2.3610928058624268
loss: -0.7514450867052023
