time_end: 1731292107.962046
time_sampled: 1731292106.626213
