time_end: 1731297630.548036
time_sampled: 1731297623.8489642
