time_end: 1731299577.4666932
time_sampled: 1731299566.051139
