time_end: 1731301649.0327868
time_sampled: 1731301647.390896
