time_end: 1731312927.767335
time_sampled: 1731312855.474556
