info_dict:
  test_score: 0.7052168447517285
  train_time: 71.92536807060242
loss: -0.7052168447517285
