time_end: 1731298950.093139
time_sampled: 1731298947.344123
