time_end: 1731555856.5830379
time_sampled: 1731555776.168876
