info_dict:
  test_score: 0.6559625164276327
  train_time: 80.17979073524475
loss: -0.6559625164276327
