time_end: 1731312821.00096
time_sampled: 1731312808.20925
