info_dict:
  test_score: 0.453345523112965
  train_time: 12.47480320930481
loss: -0.453345523112965
