time_end: 1731300434.537627
time_sampled: 1731300432.678389
