time_end: 1731557382.7532759
time_sampled: 1731557369.8490272
