info_dict:
  test_score: 0.6856179646877322
  train_time: 12.69229793548584
loss: -0.6856179646877322
