time_end: 1731555897.941248
time_sampled: 1731555856.728391
