info_dict:
  test_score: 0.4485457973830067
  train_time: 40.992029905319214
loss: -0.4485457973830067
