time_end: 1731301298.089462
time_sampled: 1731301296.188155
