info_dict:
  test_score: 0.21739130434782605
  train_time: 1.347546100616455
loss: -0.21739130434782605
