time_end: 1731300902.7797508
time_sampled: 1731300899.5881422
