time_end: 1731300143.591648
time_sampled: 1731300141.200005
