time_end: 1731298639.96633
time_sampled: 1731298637.734379
