time_end: 1731300699.070851
time_sampled: 1731300696.144404
