time_end: 1731299857.246308
time_sampled: 1731299855.281842
