time_end: 1731292059.33565
time_sampled: 1731292057.057811
