info_dict:
  test_score: 0.5843621399176955
  train_time: 2.275895118713379
loss: -0.5843621399176955
