time_end: 1731301184.989247
time_sampled: 1731301183.1829052
