time_end: 1731291963.129693
time_sampled: 1731291962.057823
