info_dict:
  test_score: 0.6185567010309279
  train_time: 1.0704138278961182
loss: -0.6185567010309279
