time_end: 1731297603.366828
time_sampled: 1731297601.2745888
