info_dict:
  test_score: 0.19999999999999996
  train_time: 1.7528538703918457
loss: -0.19999999999999996
