time_end: 1731301091.861846
time_sampled: 1731301090.281481
