time_end: 1731300023.615555
time_sampled: 1731300015.765022
