time_end: 1731301069.876967
time_sampled: 1731301069.690363
