time_end: 1731297808.7709298
time_sampled: 1731297807.0454779
