time_end: 1731292234.839967
time_sampled: 1731292231.971806
