time_end: 1731297657.5612512
time_sampled: 1731297656.2187881
