time_end: 1731300175.611605
time_sampled: 1731300173.207042
