info_dict:
  test_score: 0.33333333333333337
  train_time: 1.3570728302001953
loss: -0.33333333333333337
