time_end: 1731297791.9364212
time_sampled: 1731297790.1510541
