time_end: 1731297877.8423822
time_sampled: 1731297870.4104059
