time_end: 1731300568.9099321
time_sampled: 1731300566.0230641
