time_end: 1731297543.090098
time_sampled: 1731297535.793922
