time_end: 1731556682.610348
time_sampled: 1731556666.516242
