info_dict:
  test_score: 0.6876178504085481
  train_time: 15.911741971969604
loss: -0.6876178504085481
