time_end: 1731299802.23408
time_sampled: 1731299794.734186
