time_end: 1731297729.515886
time_sampled: 1731297728.409023
