time_end: 1731292811.409806
time_sampled: 1731292809.518173
