time_end: 1731300222.897079
time_sampled: 1731300214.626306
