time_end: 1731299541.443838
time_sampled: 1731299539.568382
