info_dict:
  test_score: 0.04542966611932131
  train_time: 1.47202730178833
loss: -0.04542966611932131
