time_end: 1731292090.191987
time_sampled: 1731292086.938426
