time_end: 1731299113.1303182
time_sampled: 1731299110.66595
