time_end: 1731299497.865134
time_sampled: 1731299496.7939079
