time_end: 1731298199.50058
time_sampled: 1731298190.133943
