time_end: 1731300398.1917388
time_sampled: 1731300395.719556
