time_end: 1731299726.1634839
time_sampled: 1731299723.232648
