info_dict:
  test_score: 0.07662835249042155
  train_time: 1.9811856746673584
loss: -0.07662835249042155
