time_end: 1731300508.143611
time_sampled: 1731300505.018867
