time_end: 1731301220.687407
time_sampled: 1731301220.2705688
