time_end: 1731297447.5836391
time_sampled: 1731297446.290768
