time_end: 1731297730.761627
time_sampled: 1731297729.519073
