time_end: 1731292465.876951
time_sampled: 1731292459.121147
