info_dict:
  test_score: 0.9886947584789312
  train_time: 6.75384521484375
loss: -0.9886947584789312
