time_end: 1731297782.714541
time_sampled: 1731297780.8731232
