time_end: 1731300134.522509
time_sampled: 1731300132.837664
