time_end: 1731292640.01057
time_sampled: 1731292638.871986
