time_end: 1731301200.082724
time_sampled: 1731301199.6395981
