time_end: 1731557156.209756
time_sampled: 1731557142.104848
