info_dict:
  test_score: 0.4596880178275527
  train_time: 13.894657135009766
loss: -0.4596880178275527
