time_end: 1731299764.285861
time_sampled: 1731299762.1718888
