info_dict:
  test_score: 0.33333333333333337
  train_time: 1.4511408805847168
loss: -0.33333333333333337
