time_end: 1731299961.5822139
time_sampled: 1731299959.225116
