time_end: 1731301702.348897
time_sampled: 1731301699.9295301
