info_dict:
  test_score: -0.08385093167701863
  train_time: 1.46785306930542
loss: 0.08385093167701863
