time_end: 1731301181.0913558
time_sampled: 1731301179.4225879
