time_end: 1731299261.5795221
time_sampled: 1731299260.613462
