info_dict:
  test_score: 0.018609742747673783
  train_time: 0.8324201107025146
loss: -0.018609742747673783
