time_end: 1731298524.196494
time_sampled: 1731298515.97553
