time_end: 1731298732.3904908
time_sampled: 1731298730.15132
