time_end: 1731291981.694713
time_sampled: 1731291980.594573
