info_dict:
  test_score: 0.7476979742173112
  train_time: 1.0980749130249023
loss: -0.7476979742173112
