time_end: 1731297449.0314949
time_sampled: 1731297447.5868359
