time_end: 1731298775.071297
time_sampled: 1731298773.0047219
