time_end: 1731292774.9064589
time_sampled: 1731292773.6273742
