time_end: 1731298065.9546251
time_sampled: 1731298064.332588
