time_end: 1731300039.9815328
time_sampled: 1731300037.877989
