time_end: 1731310656.218726
time_sampled: 1731310644.951479
