info_dict:
  test_score: 0.4216901891320496
  train_time: 11.051514148712158
loss: -0.4216901891320496
