time_end: 1731301083.708024
time_sampled: 1731301082.278095
