time_end: 1731298794.3255491
time_sampled: 1731298792.2413251
