time_end: 1731300432.6749382
time_sampled: 1731300424.576812
