time_end: 1731298513.690825
time_sampled: 1731298511.236755
