time_end: 1731300101.507762
time_sampled: 1731300099.019958
