time_end: 1731298046.7174358
time_sampled: 1731298044.988281
