time_end: 1731299617.1428769
time_sampled: 1731299615.310956
