info_dict:
  test_score: -0.2660098522167488
  train_time: 1.3369359970092773
loss: 0.2660098522167488
