time_end: 1731300825.3346932
time_sampled: 1731300822.290414
