time_end: 1731298343.5166578
time_sampled: 1731298341.347735
