time_end: 1731292222.360554
time_sampled: 1731292219.3374422
