info_dict:
  test_score: 0.7947368421052632
  train_time: 3.0198299884796143
loss: -0.7947368421052632
