time_end: 1731292304.937213
time_sampled: 1731292302.437269
