time_end: 1731555556.493024
time_sampled: 1731555542.530955
