info_dict:
  test_score: 0.6437917833266671
  train_time: 13.820302963256836
loss: -0.6437917833266671
