time_end: 1731292272.906531
time_sampled: 1731292269.018929
