time_end: 1731300103.115652
time_sampled: 1731300101.511062
