time_end: 1731299791.3800151
time_sampled: 1731299789.811164
