time_end: 1731300852.303964
time_sampled: 1731300841.108178
