time_end: 1731298743.554251
time_sampled: 1731298741.413273
