time_end: 1731298889.539542
time_sampled: 1731298886.8073611
