time_end: 1731301173.586443
time_sampled: 1731301171.967103
