time_end: 1731301674.8867369
time_sampled: 1731301672.3665862
