info_dict:
  test_score: 0.13354037267080743
  train_time: 1.6006367206573486
loss: -0.13354037267080743
