time_end: 1731297835.981039
time_sampled: 1731297834.68511
