time_end: 1731301238.8009531
time_sampled: 1731301237.03356
