time_end: 1731292815.6019819
time_sampled: 1731292813.632355
