info_dict:
  test_score: 0.8526829268292683
  train_time: 1.967522144317627
loss: -0.8526829268292683
