time_end: 1731298106.404829
time_sampled: 1731298104.770473
