time_end: 1731301149.094711
time_sampled: 1731301145.458814
