time_end: 1731301538.715272
time_sampled: 1731301536.632836
