info_dict:
  test_score: -0.07453416149068323
  train_time: 1.2825636863708496
loss: 0.07453416149068323
