time_end: 1731309809.6388102
time_sampled: 1731309739.815996
