info_dict:
  test_score: 0.7303011256499629
  train_time: 69.6352608203888
loss: -0.7303011256499629
