time_end: 1731310237.2775989
time_sampled: 1731310224.699553
