info_dict:
  test_score: 0.34123764356322495
  train_time: 12.378700017929077
loss: -0.34123764356322495
