time_end: 1731310200.617236
time_sampled: 1731310189.8949919
