info_dict:
  test_score: 0.5011713616364779
  train_time: 10.51269793510437
loss: -0.5011713616364779
