time_end: 1731292435.035576
time_sampled: 1731292429.725048
