time_end: 1731298087.973622
time_sampled: 1731298080.2180128
