time_end: 1731299444.2865999
time_sampled: 1731299443.130131
