time_end: 1731292598.891083
time_sampled: 1731292585.925487
