info_dict:
  test_score: 0.9886947584789312
  train_time: 12.962759017944336
loss: -0.9886947584789312
