time_end: 1731300732.144425
time_sampled: 1731300729.19978
