time_end: 1731298855.670068
time_sampled: 1731298847.7829492
