time_end: 1731300522.849304
time_sampled: 1731300520.8540642
