time_end: 1731292141.763968
time_sampled: 1731292140.384136
