time_end: 1731300037.7529569
time_sampled: 1731300036.259778
