time_end: 1731301393.133564
time_sampled: 1731301391.883116
