time_end: 1731298652.4480798
time_sampled: 1731298649.8736079
