time_end: 1731301633.9682891
time_sampled: 1731301631.375465
