time_end: 1731299301.2347012
time_sampled: 1731299297.549115
