time_end: 1731292676.3503602
time_sampled: 1731292675.1410098
