time_end: 1731299325.861975
time_sampled: 1731299316.7355058
