time_end: 1731300337.5941892
time_sampled: 1731300329.298825
