time_end: 1731301372.649416
time_sampled: 1731301364.1693928
