time_end: 1731297670.440151
time_sampled: 1731297662.9917262
