time_end: 1731301452.981214
time_sampled: 1731301450.556921
