info_dict:
  test_score: -0.05590062111801242
  train_time: 1.7244751453399658
loss: 0.05590062111801242
