time_end: 1731301598.380896
time_sampled: 1731301596.587287
