time_end: 1731297568.339807
time_sampled: 1731297567.1791842
