time_end: 1731301255.724737
time_sampled: 1731301255.257321
