time_end: 1731297831.029118
time_sampled: 1731297824.334603
