time_end: 1731301218.202595
time_sampled: 1731301217.79024
