time_end: 1731298104.636081
time_sampled: 1731298102.552701
