time_end: 1731298175.901056
time_sampled: 1731298172.8511639
