time_end: 1731292069.246421
time_sampled: 1731292067.5017228
