info_dict:
  test_score: 0.7773167358229599
  train_time: 1.742725133895874
loss: -0.7773167358229599
