time_end: 1731309739.663635
time_sampled: 1731309667.549265
