info_dict:
  test_score: 0.7303011256499629
  train_time: 71.93599605560303
loss: -0.7303011256499629
