time_end: 1731298357.335753
time_sampled: 1731298355.742835
