time_end: 1731301641.88946
time_sampled: 1731301639.243383
