info_dict:
  test_score: -0.018633540372670843
  train_time: 1.69809889793396
loss: 0.018633540372670843
